1 9.31323e-10 -3.63798e-12 0 -9.31323e-10 1 -4.65661e-10 7.45058e-09 -1.81899e-11 -9.31323e-10 1 0
0.999998 -0.00177475 -0.000678878 -0.00229566 0.001777 0.999993 0.00332507 -0.0415731 0.000672972 -0.00332627 0.999994 1.54356
0.999998 -0.00184369 -0.000886407 -0.0009775 0.00184775 0.999988 0.00460101 -0.0766304 0.000877913 -0.00460264 0.999989 3.09273
0.999996 -0.000336623 -0.00290669 -0.0237299 0.000350312 0.999989 0.00471068 -0.101641 0.00290507 -0.00471168 0.999985 4.6139
0.999991 0.000341926 -0.0042438 -0.0268511 -0.000323711 0.999991 0.00429224 -0.126231 0.00424523 -0.00429083 0.999982 6.15584
0.99998 0.000490481 -0.0062436 -0.0526568 -0.000459997 0.999988 0.00488279 -0.152147 0.00624591 -0.00487982 0.999969 7.67429
0.99997 3.50848e-05 -0.00780568 -0.0697304 6.34603e-06 0.999986 0.00530788 -0.17572 0.00780575 -0.00530777 0.999956 9.1952
0.999967 -0.00143388 -0.00795702 -0.0871764 0.00147333 0.999987 0.0049536 -0.202457 0.00794981 -0.00496517 0.999956 10.7231
0.999945 -0.00248837 -0.0101684 -0.102962 0.00254093 0.999983 0.00515987 -0.222807 0.0101554 -0.00518542 0.999935 12.2265
0.999937 -0.00260378 -0.0109527 -0.125579 0.00266183 0.999982 0.00528871 -0.249837 0.0109387 -0.00531753 0.999926 13.7038
0.999912 -0.00166097 -0.0131938 -0.130611 0.00173282 0.999984 0.00543645 -0.274105 0.0131846 -0.00545883 0.999898 15.1745
0.999902 -0.000768789 -0.0139574 -0.163792 0.000852453 0.999982 0.00598935 -0.298888 0.0139525 -0.00600066 0.999885 16.6874
0.999878 0.00149023 -0.0155678 -0.186431 -0.00138367 0.999976 0.00685349 -0.319631 0.0155777 -0.00683111 0.999855 18.1848
0.999893 0.0017143 -0.0145545 -0.212819 -0.00160836 0.999972 0.00728752 -0.341007 0.0145666 -0.00726333 0.999868 19.677
0.99988 0.00247692 -0.0152897 -0.259058 -0.00235962 0.999968 0.00768543 -0.364395 0.0153082 -0.00764843 0.999854 21.1594
0.999876 0.00286059 -0.0154695 -0.27123 -0.00274444 0.999968 0.00752399 -0.382896 0.0154906 -0.00748061 0.999852 22.6052
0.99987 0.00418534 -0.0156032 -0.312614 -0.00405403 0.999956 0.00843809 -0.402604 0.0156379 -0.00837374 0.999843 24.0658
0.999872 0.00447428 -0.0153569 -0.349461 -0.00432953 0.999946 0.00944567 -0.422207 0.0153983 -0.00937797 0.999838 25.4961
0.99987 0.00472648 -0.0154259 -0.368414 -0.0045941 0.999952 0.00860621 -0.441523 0.0154658 -0.00853423 0.999844 26.9765
0.999868 0.00495224 -0.0154746 -0.40845 -0.00485302 0.999968 0.0064432 -0.460607 0.015506 -0.00636725 0.99986 28.4084
0.999886 0.0037408 -0.0145998 -0.444055 -0.00364554 0.999972 0.0065456 -0.482697 0.0146239 -0.00649164 0.999872 29.8424
0.999898 0.00228062 -0.014116 -0.463883 -0.00215543 0.999958 0.00887787 -0.502549 0.0141357 -0.00884654 0.999861 31.2707
0.999904 0.000625315 -0.0138505 -0.492862 -0.000481255 0.999946 0.0104019 -0.520739 0.0138562 -0.0103943 0.99985 32.7062
0.999897 -4.01512e-05 -0.0143461 -0.518753 0.000182471 0.999951 0.00991923 -0.53977 0.014345 -0.00992083 0.999848 34.1272
0.999911 0.000365977 -0.0133668 -0.549763 -0.000251378 0.999963 0.00857404 -0.559885 0.0133694 -0.00856991 0.999874 35.5557
0.999904 0.000660961 -0.013853 -0.580604 -0.00055619 0.999971 0.00756548 -0.576023 0.0138576 -0.00755705 0.999875 36.9119
0.999922 0.00138983 -0.0124221 -0.602182 -0.00130662 0.999977 0.00670394 -0.603317 0.0124311 -0.00668719 0.9999 38.2773
0.999934 0.00213921 -0.0113208 -0.632336 -0.00205204 0.999968 0.00770532 -0.623506 0.0113369 -0.00768158 0.999906 39.6589
0.999946 0.00216387 -0.01019 -0.642826 -0.00206436 0.99995 0.00976602 -0.642947 0.0102106 -0.00974446 0.9999 40.9354
0.999968 0.00148907 -0.00786003 -0.675251 -0.00140263 0.999939 0.0109916 -0.667574 0.00787591 -0.0109802 0.999909 42.261
0.99998 0.00190497 -0.00596823 -0.696579 -0.00183471 0.999929 0.0117565 -0.683161 0.0059902 -0.0117453 0.999913 43.5418
0.999994 0.00159895 -0.00299997 -0.702769 -0.00156539 0.999937 0.0111558 -0.701571 0.00301762 -0.0111511 0.999933 44.837
0.999999 0.00115601 0.000970101 -0.707372 -0.0011653 0.999953 0.00962659 -0.720827 -0.000958927 -0.00962771 0.999953 46.0657
0.999984 0.00108458 0.00554399 -0.710691 -0.00112973 0.999966 0.00814777 -0.73894 -0.00553497 -0.00815391 0.999951 47.3336
0.999968 0.00136865 0.00784677 -0.717522 -0.00143387 0.999964 0.00831282 -0.756405 -0.00783511 -0.00832381 0.999935 48.5236
0.999897 0.00144895 0.0142879 -0.700836 -0.00156853 0.999964 0.00836145 -0.779197 -0.0142752 -0.008383 0.999863 49.7458
0.999798 0.00338591 0.0197952 -0.669779 -0.0035372 0.999965 0.00761252 -0.797276 -0.0197687 -0.00768101 0.999775 50.952
0.999586 0.00505782 0.0283263 -0.657624 -0.00527792 0.999956 0.00770079 -0.814379 -0.0282861 -0.00784711 0.999569 52.1796
0.999305 0.00601066 0.0367874 -0.624191 -0.00633445 0.999942 0.00869146 -0.832354 -0.036733 -0.00891845 0.999285 53.3039
0.998855 0.00831217 0.0471156 -0.58622 -0.00874749 0.999921 0.00904076 -0.851048 -0.0470367 -0.00944255 0.998849 54.501
0.998194 0.0104577 0.0591592 -0.531902 -0.0110221 0.999897 0.00922305 -0.866191 -0.0590567 -0.00985845 0.998206 55.6117
0.997093 0.0126668 0.0751419 -0.448647 -0.0134429 0.999861 0.00983185 -0.885227 -0.0750069 -0.0108134 0.997124 56.7699
0.995701 0.0145043 0.0914786 -0.354443 -0.0155294 0.999824 0.0105046 -0.899066 -0.0913101 -0.01188 0.995752 57.9108
0.993998 0.0145528 0.108422 -0.254989 -0.0159193 0.999804 0.0117487 -0.913906 -0.10823 -0.0134042 0.994036 59.0143
0.991735 0.0141663 0.127519 -0.122102 -0.0157248 0.999813 0.011223 -0.932111 -0.127336 -0.0131354 0.991773 60.1084
0.988846 0.0131571 0.148363 0.0405362 -0.0147864 0.999842 0.00988364 -0.943818 -0.14821 -0.0119671 0.988884 61.2045
0.985394 0.0102857 0.16998 0.212122 -0.0121508 0.999877 0.00993575 -0.953673 -0.169857 -0.011856 0.985397 62.2771
0.981391 0.00484419 0.19196 0.40678 -0.00721948 0.999906 0.0116764 -0.971276 -0.191885 -0.012845 0.981333 63.3261
0.976876 -0.000624795 0.213805 0.638308 -0.00224312 0.999911 0.0131709 -0.979729 -0.213794 -0.0133459 0.976788 64.3339
0.971247 -0.00626411 0.237991 0.876776 0.00336866 0.999915 0.012571 -0.991792 -0.238049 -0.0114078 0.971186 65.3656
0.964695 -0.0114789 0.263119 1.17575 0.00884449 0.999898 0.0111944 -1.01227 -0.26322 -0.00847202 0.964699 66.3999
0.957351 -0.0153834 0.288517 1.46636 0.0124556 0.999851 0.011981 -1.02 -0.288658 -0.00787637 0.9574 67.3333
0.948285 -0.0186402 0.316873 1.77201 0.0150871 0.999793 0.0136632 -1.02935 -0.317062 -0.00817593 0.94837 68.2933
0.939002 -0.0236567 0.343098 2.13133 0.0191389 0.99968 0.0165481 -1.03542 -0.343379 -0.00897221 0.939154 69.234
0.927394 -0.0271467 0.373099 2.48444 0.0225602 0.999607 0.0166546 -1.04777 -0.373405 -0.00702819 0.927642 70.1527
0.915593 -0.0267112 0.401219 2.91031 0.0236957 0.999641 0.0124771 -1.05209 -0.401408 -0.00191679 0.915897 71.0696
0.902491 -0.0272797 0.429845 3.30446 0.0264954 0.999618 0.00781087 -1.06543 -0.429894 0.00433968 0.902869 71.9173
0.88848 -0.0290614 0.457994 3.76364 0.0298045 0.99954 0.00560568 -1.07876 -0.457946 0.00866973 0.888938 72.7707
0.872144 -0.0304835 0.488299 4.22506 0.0301903 0.999508 0.00847482 -1.09228 -0.488318 0.00735063 0.872635 73.6288
0.854557 -0.0297989 0.518502 4.70682 0.0264679 0.999554 0.0138231 -1.09731 -0.518683 0.00191101 0.854964 74.4064
0.833826 -0.0305559 0.551181 5.25296 0.0256654 0.999533 0.0165848 -1.09911 -0.551431 0.000317481 0.834221 75.2493
0.81345 -0.0246919 0.581111 5.78364 0.0212067 0.999693 0.0127924 -1.11415 -0.581248 0.00191749 0.813724 76.0061
0.79189 -0.017765 0.610406 6.34172 0.0174428 0.999827 0.00646969 -1.12431 -0.610415 0.0055239 0.792063 76.7477
0.768424 -0.0149727 0.639766 6.92309 0.0159108 0.999864 0.0042897 -1.13337 -0.639743 0.00688291 0.768558 77.4457
0.745432 -0.0182315 0.666333 7.53842 0.0180652 0.999811 0.00714603 -1.1451 -0.666337 0.00671058 0.74562 78.1331
0.720279 -0.0187243 0.693432 8.18207 0.0189105 0.999794 0.00735412 -1.15311 -0.693427 0.00781615 0.720484 78.8139
0.694915 -0.0174618 0.71888 8.82448 0.0196074 0.999794 0.00533145 -1.17625 -0.718824 0.0103904 0.695114 79.4292
0.668327 -0.0147648 0.743721 9.4911 0.0187007 0.999821 0.00304408 -1.18767 -0.743632 0.0118737 0.668484 80.027
0.641055 -0.0123594 0.767395 10.1918 0.017188 0.999851 0.00174491 -1.19629 -0.767302 0.0120714 0.641172 80.6053
0.61402 -0.0115172 0.789207 10.8935 0.0181667 0.999835 0.000456902 -1.20934 -0.789081 0.0140567 0.614128 81.1846
0.584096 -0.00560571 0.811665 11.6207 0.0171712 0.999838 -0.00545157 -1.23199 -0.811503 0.0171215 0.584098 81.6957
0.55544 0.00372513 0.831548 12.4022 0.0152319 0.999777 -0.0146531 -1.2533 -0.831417 0.020805 0.555259 82.2069
0.525374 0.0117556 0.85079 13.1496 0.0139644 0.999651 -0.0224356 -1.28539 -0.850757 0.0236679 0.525026 82.6591
0.49428 0.0164822 0.869146 13.955 0.0118556 0.9996 -0.0256983 -1.316 -0.869222 0.0230064 0.493887 83.1167
0.461396 0.0165628 0.88704 14.7707 0.00931989 0.99968 -0.0235138 -1.34825 -0.887146 0.0191163 0.461094 83.5557
0.426449 0.0149465 0.904388 15.6039 0.00618221 0.999792 -0.0194383 -1.38135 -0.904491 0.0138806 0.426268 83.9621
0.392616 0.0157323 0.919568 16.475 0.00171167 0.999839 -0.0178364 -1.41497 -0.919701 0.00857685 0.392526 84.3422
0.357815 0.0182421 0.933614 17.3267 -0.00522865 0.999833 -0.0175321 -1.44928 -0.933778 0.0013917 0.357851 84.6846
0.321344 0.0206939 0.946737 18.223 -0.0108841 0.999776 -0.0181589 -1.47597 -0.9469 -0.00446912 0.321497 84.9964
0.285012 0.0200383 0.958315 19.1492 -0.0133222 0.999768 -0.016943 -1.50597 -0.958432 -0.00793794 0.285212 85.2811
0.248955 0.0193404 0.968322 20.0587 -0.0139732 0.999768 -0.016376 -1.53743 -0.968414 -0.00945369 0.249168 85.5093
0.212661 0.0185058 0.976951 20.9842 -0.0133049 0.999783 -0.0160421 -1.5723 -0.977036 -0.00958669 0.212861 85.7112
0.175857 0.0176389 0.984258 21.9269 -0.0109311 0.999813 -0.0159646 -1.59607 -0.984355 -0.00795155 0.176017 85.8926
0.141697 0.0163564 0.989775 22.8846 -0.00318931 0.999866 -0.0160666 -1.62996 -0.989905 -0.000880106 0.141731 86.0117
0.107026 0.019229 0.99407 23.8104 -0.000420342 0.999814 -0.0192948 -1.66824 -0.994256 0.00164721 0.107015 86.0999
0.0745467 0.025062 0.996903 24.8216 -7.46967e-05 0.999684 -0.0251263 -1.69042 -0.997218 0.00179862 0.074525 86.1509
0.0460496 0.0276367 0.998557 25.7959 0.00551522 0.999595 -0.0279197 -1.74376 -0.998924 0.00679296 0.0458786 86.1907
0.0195096 0.026916 0.999447 26.7837 0.00881609 0.999594 -0.0270921 -1.78133 -0.999771 0.00933977 0.0192644 86.2255
-0.00220366 0.0236889 0.999717 27.7763 0.0103515 0.999666 -0.0236649 -1.81326 -0.999944 0.0102964 -0.00244813 86.2181
-0.0213895 0.0217431 0.999535 28.6928 0.0121448 0.999695 -0.0214867 -1.84564 -0.999697 0.0116795 -0.0216471 86.208
-0.040812 0.023828 0.998883 29.7273 0.0132671 0.99964 -0.023304 -1.89141 -0.999079 0.0123012 -0.0411134 86.1674
-0.053746 0.0288357 0.998138 30.7012 0.0162049 0.999477 -0.0280018 -1.92554 -0.998423 0.0146697 -0.0541852 86.1076
-0.0669926 0.0330983 0.997204 31.6958 0.0193995 0.999304 -0.0318648 -1.97115 -0.997565 0.0172106 -0.0675881 86.033
-0.0781803 0.037659 0.996228 32.6777 0.0264594 0.999013 -0.0356879 -2.01645 -0.996588 0.0235695 -0.0790995 85.9483
-0.082565 0.0422383 0.99569 33.6815 0.0292161 0.998775 -0.0399465 -2.06979 -0.996157 0.025792 -0.0836979 85.8403
-0.0860985 0.0473446 0.995161 34.6848 0.0312897 0.998506 -0.0447967 -2.1223 -0.995795 0.0272814 -0.0874513 85.7634
-0.0901611 0.0510717 0.994617 35.6738 0.0330749 0.998287 -0.0482619 -2.18656 -0.995378 0.0285455 -0.0916959 85.6594
-0.0924795 0.0541326 0.994242 36.6787 0.033708 0.998119 -0.0512084 -2.24726 -0.995144 0.0287782 -0.0941302 85.5489
-0.0952595 0.0576065 0.993784 37.7025 0.0344924 0.997916 -0.0545397 -2.31653 -0.994855 0.0290826 -0.0970479 85.4696
-0.0966932 0.0612415 0.993429 38.7111 0.0354768 0.997683 -0.0580508 -2.38753 -0.994682 0.0296305 -0.0986419 85.3556
-0.0991016 0.0624252 0.993117 39.7454 0.0379201 0.997542 -0.0589194 -2.46285 -0.994355 0.0318201 -0.101225 85.2373
-0.10265 0.0620144 0.992783 40.7504 0.0386097 0.997551 -0.0583202 -2.5311 -0.993968 0.0323445 -0.104793 85.1576
-0.10353 0.061271 0.992737 41.7812 0.0384115 0.997603 -0.0575654 -2.6059 -0.993884 0.0321728 -0.105635 85.0544
-0.105052 0.0621148 0.992525 42.7883 0.0377006 0.997579 -0.0584407 -2.6818 -0.993752 0.0312795 -0.10714 84.9294
-0.107543 0.0642508 0.992122 43.8066 0.0364906 0.997492 -0.0606431 -2.75258 -0.993531 0.0296814 -0.109618 84.824
-0.110635 0.0667311 0.991618 44.8583 0.0348803 0.997389 -0.0632279 -2.83124 -0.993249 0.0275927 -0.112674 84.6968
-0.113415 0.0701324 0.991069 45.8847 0.0328447 0.997225 -0.0668094 -2.91239 -0.993005 0.0249742 -0.115404 84.5748
-0.11408 0.0737986 0.990727 46.9236 0.0285475 0.997069 -0.0709839 -2.99371 -0.993061 0.0201849 -0.115853 84.4448
-0.117081 0.0760128 0.990209 47.9668 0.0262533 0.996955 -0.0734265 -3.08129 -0.992775 0.0173994 -0.11872 84.3081
-0.119724 0.0748171 0.989984 49.0226 0.0244056 0.997077 -0.0724016 -3.17542 -0.992507 0.0154929 -0.1212 84.2002
-0.12221 0.0713752 0.989935 50.0701 0.0221302 0.997359 -0.0691784 -3.25614 -0.992257 0.0134531 -0.123467 84.063
-0.12434 0.0689521 0.989841 51.1486 0.021715 0.997533 -0.0667601 -3.34919 -0.992002 0.0131934 -0.125531 83.9314
-0.126375 0.069425 0.98955 52.1905 0.0214517 0.997506 -0.0672435 -3.43113 -0.991751 0.0127296 -0.127549 83.809
-0.127432 0.0722521 0.989212 53.2632 0.022624 0.997295 -0.0699281 -3.51977 -0.991589 0.0134688 -0.128722 83.6706
-0.127809 0.074587 0.98899 54.3201 0.0227945 0.997126 -0.0722548 -3.60715 -0.991537 0.0133088 -0.129141 83.5191
-0.128124 0.0752171 0.988902 55.3901 0.0215936 0.997095 -0.0730425 -3.69956 -0.991523 0.0119955 -0.129376 83.3888
-0.127033 0.0743457 0.989109 56.4646 0.0186777 0.99719 -0.0725543 -3.78948 -0.991723 0.00925745 -0.128065 83.2456
-0.127783 0.073556 0.989071 57.5409 0.0153887 0.997273 -0.0721778 -3.87993 -0.991683 0.00599742 -0.128567 83.1349
-0.126803 0.0741991 0.989149 58.6311 0.0110066 0.997242 -0.0733953 -3.97476 -0.991867 0.00158041 -0.12727 82.997
-0.127456 0.0744103 0.989049 59.7111 0.00692829 0.997224 -0.0741325 -4.06693 -0.99182 -0.00259623 -0.127618 82.8685
-0.127372 0.0737044 0.989113 60.8106 0.00347784 0.997262 -0.0738638 -4.16275 -0.991849 -0.00596823 -0.12728 82.7404
-0.127086 0.0691302 0.98948 61.9166 0.00331265 0.997592 -0.0692715 -4.2546 -0.991886 -0.00552561 -0.127009 82.5947
-0.127431 0.0606713 0.98999 63.0056 0.00640117 0.998157 -0.0603478 -4.33762 -0.991827 -0.00135309 -0.127585 82.4496
-0.127844 0.0550691 0.990264 64.1167 0.0132242 0.998463 -0.0538178 -4.41583 -0.991706 0.00621517 -0.128376 82.3328
-0.126394 0.0571182 0.990334 65.2221 0.0201556 0.998283 -0.0550042 -4.49774 -0.991775 0.0130086 -0.127328 82.1525
-0.125431 0.0623341 0.990142 66.34 0.0249099 0.997907 -0.0596674 -4.57729 -0.99179 0.0171802 -0.126721 81.9945
-0.123748 0.0680002 0.989981 67.4428 0.0286955 0.997477 -0.0649281 -4.65179 -0.991899 0.0203733 -0.125387 81.8438
-0.122809 0.0708823 0.989896 68.5729 0.0290867 0.997275 -0.0678021 -4.75653 -0.992004 0.0204661 -0.124536 81.6881
-0.123471 0.0702674 0.989858 69.6811 0.0270503 0.997358 -0.0674256 -4.83064 -0.991979 0.0184509 -0.125045 81.5602
-0.122173 0.0658867 0.99032 70.8135 0.026513 0.997655 -0.0631039 -4.91919 -0.992155 0.0185468 -0.123633 81.4344
-0.122049 0.0629662 0.990525 71.9448 0.0248128 0.997867 -0.0603756 -5.00203 -0.992214 0.0172089 -0.123352 81.3191
-0.12264 0.0639256 0.99039 73.0985 0.0226709 0.997844 -0.0615993 -5.08567 -0.992192 0.0148986 -0.123824 81.172
-0.121597 0.067843 0.990258 74.2293 0.02263 0.997592 -0.0655666 -5.17294 -0.992321 0.0144368 -0.12284 81.0336
-0.121684 0.0716838 0.989977 75.3868 0.0234196 0.997318 -0.0693367 -5.26552 -0.992293 0.0147478 -0.123036 80.9089
-0.1218 0.0698063 0.990097 76.5044 0.0217522 0.997472 -0.0676504 -5.35388 -0.992316 0.013297 -0.123011 80.7525
-0.120044 0.0637934 0.990717 77.6914 0.025344 0.997805 -0.0611789 -5.44514 -0.992445 0.0177646 -0.121397 80.6225
-0.120316 0.0618952 0.990804 78.8754 0.0245298 0.997935 -0.059362 -5.53506 -0.992433 0.017162 -0.121586 80.4752
-0.120262 0.0645088 0.990644 80.0299 0.0221045 0.997813 -0.0622922 -5.62024 -0.992496 0.0144063 -0.121425 80.3459
-0.120826 0.0675815 0.990371 81.1809 0.0208066 0.997633 -0.0655387 -5.70547 -0.992456 0.0126875 -0.121946 80.2099
-0.120752 0.066875 0.990428 82.391 0.0199702 0.99769 -0.0649307 -5.79869 -0.992482 0.0119385 -0.121809 80.0632
-0.120935 0.064089 0.990589 83.5359 0.0195109 0.997874 -0.0621783 -5.88562 -0.992469 0.0118077 -0.121929 79.917
-0.119119 0.0623388 0.990921 84.7696 0.0204498 0.997969 -0.0603239 -5.97852 -0.992669 0.0130784 -0.120152 79.7831
-0.119653 0.0628867 0.990822 85.9573 0.0222959 0.99791 -0.0606441 -6.06632 -0.992565 0.0148351 -0.120805 79.6463
-0.119646 0.0629268 0.990821 87.1327 0.0239946 0.997881 -0.0604778 -6.15322 -0.992527 0.0165384 -0.120902 79.5094
-0.118574 0.0630513 0.990941 88.3366 0.0245361 0.997863 -0.0605558 -6.23771 -0.992642 0.0171335 -0.119868 79.3675
-0.11806 0.0629796 0.991007 89.5077 0.024612 0.997866 -0.0604834 -6.32713 -0.992701 0.01725 -0.119358 79.2228
-0.115816 0.0613002 0.991377 90.746 0.026388 0.997931 -0.0586227 -6.41505 -0.99292 0.0193711 -0.117194 79.0947
-0.116128 0.060507 0.99139 91.936 0.0246384 0.998011 -0.0580251 -6.50009 -0.992929 0.0176879 -0.117388 78.9505
-0.11418 0.0598396 0.991656 93.1604 0.0256785 0.998029 -0.0572674 -6.58702 -0.993128 0.0189254 -0.115492 78.806
-0.112435 0.0605623 0.991812 94.3683 0.0242492 0.998011 -0.0581919 -6.67016 -0.993363 0.0175079 -0.11368 78.68
-0.113147 0.0626283 0.991603 95.6202 0.0239253 0.997894 -0.0602957 -6.76181 -0.99329 0.0169021 -0.114407 78.5369
-0.112532 0.062215 0.991699 96.8534 0.021648 0.997955 -0.060151 -6.84967 -0.993412 0.0146994 -0.113649 78.4002
-0.109401 0.0606525 0.992146 98.0703 0.019031 0.998082 -0.0589169 -6.9352 -0.993816 0.0124359 -0.110345 78.2693
-0.111344 0.0611338 0.9919 99.332 0.0157731 0.998089 -0.0597447 -7.03062 -0.993657 0.00899318 -0.112095 78.1308
-0.112089 0.0607485 0.99184 100.563 0.0125778 0.998136 -0.0597127 -7.11793 -0.993619 0.00578207 -0.112644 77.997
-0.112552 0.0584258 0.991927 101.826 0.010727 0.998283 -0.057583 -7.20616 -0.993588 0.00415931 -0.112986 77.8718
-0.113818 0.0566521 0.991885 103.09 0.00838272 0.998392 -0.0560618 -7.29609 -0.993466 0.00193387 -0.114109 77.7401
-0.115891 0.056002 0.991682 104.337 0.00671024 0.998431 -0.0555989 -7.38344 -0.993239 0.000210989 -0.116085 77.5985
-0.117841 0.0558732 0.99146 105.595 0.00625111 0.998438 -0.0555235 -7.47066 -0.993013 -0.000345232 -0.118006 77.4609
-0.120632 0.0541264 0.991221 106.863 0.00544002 0.998534 -0.0538636 -7.57053 -0.992682 -0.00110544 -0.12075 77.3012
-0.122256 0.0507823 0.991199 108.088 0.00531759 0.998709 -0.0505112 -7.6422 -0.992484 -0.000904522 -0.122368 77.1853
-0.125927 0.0501932 0.990769 109.339 0.0040066 0.998737 -0.0500876 -7.72628 -0.992031 -0.00233776 -0.125969 77.0345
-0.132958 0.0547052 0.989611 110.579 -0.00134532 0.998465 -0.0553754 -7.81327 -0.991121 -0.00869392 -0.13268 76.8767
-0.143235 0.0577413 0.988003 111.806 -0.00525785 0.998238 -0.0591017 -7.90626 -0.989675 -0.0136602 -0.142679 76.6453
-0.149576 0.0546582 0.987239 113.052 -0.000523554 0.998466 -0.0553592 -7.99511 -0.98875 -0.00879727 -0.149318 76.5181
-0.159085 0.0520789 0.985891 114.281 0.00258268 0.998626 -0.0523349 -8.07837 -0.987262 -0.00577945 -0.159001 76.3387
-0.173802 0.0523098 0.98339 115.493 0.00203812 0.998605 -0.0527589 -8.17374 -0.984778 -0.00716536 -0.173667 76.1011
-0.188119 0.0522724 0.980754 116.684 0.00288595 0.998608 -0.0526704 -8.25955 -0.982142 -0.00707788 -0.188008 75.872
-0.201311 0.05191 0.978151 117.932 0.00549265 0.998639 -0.0518669 -8.33261 -0.979512 -0.00506874 -0.201322 75.6437
-0.217112 0.0526446 0.974726 119.086 0.00808974 0.998607 -0.0521325 -8.42641 -0.976113 -0.00343333 -0.217236 75.3821
-0.232133 0.0567739 0.971026 120.315 0.00934955 0.998379 -0.056138 -8.51029 -0.972639 -0.00395286 -0.232288 75.1005
-0.249332 0.0592477 0.966604 121.501 0.00729146 0.998213 -0.0593043 -8.60614 -0.968391 -0.00773853 -0.249319 74.7729
-0.265094 0.0577123 0.962494 122.64 0.00433869 0.998269 -0.0586624 -8.6951 -0.964213 -0.0113751 -0.264885 74.4917
-0.280252 0.0523472 0.958498 123.843 -0.0011977 0.998492 -0.0548816 -8.77908 -0.959926 -0.0165287 -0.279766 74.1677
-0.295495 0.0493312 0.95407 125.037 -0.00351002 0.998603 -0.052721 -8.86256 -0.955338 -0.0189276 -0.294909 73.8464
-0.310333 0.0490444 0.949362 126.151 -0.00735321 0.998515 -0.0539873 -8.94985 -0.950599 -0.0237349 -0.309512 73.4743
-0.325432 0.0512818 0.944174 127.286 -0.0071946 0.998365 -0.0567049 -9.03164 -0.945538 -0.0252466 -0.324531 73.1096
-0.340028 0.0529772 0.938922 128.443 -0.00559118 0.998281 -0.0583512 -9.1235 -0.940399 -0.0250907 -0.339148 72.7041
-0.354671 0.053025 0.933487 129.544 -0.00411652 0.998292 -0.0582703 -9.21074 -0.934982 -0.0245095 -0.353847 72.2776
-0.367819 0.0514159 0.928475 130.687 -0.00394021 0.998375 -0.0568476 -9.30042 -0.929889 -0.0245681 -0.367019 71.8591
-0.382572 0.0499732 0.922573 131.814 -0.00405769 0.998436 -0.0557651 -9.38998 -0.923917 -0.0250777 -0.381771 71.4022
-0.396668 0.0508802 0.916551 132.889 -0.0061683 0.998292 -0.0580874 -9.47226 -0.917942 -0.0286949 -0.395676 70.9305
-0.412443 0.0526165 0.909463 133.982 -0.0054172 0.998171 -0.0602054 -9.56285 -0.910967 -0.029758 -0.411404 70.4554
-0.426391 0.0546948 0.902884 135.051 -0.00433167 0.998035 -0.0625045 -9.64872 -0.904529 -0.0305623 -0.425316 69.9683
-0.441242 0.0573154 0.895556 136.13 -0.00118441 0.99792 -0.0644502 -9.74046 -0.897388 -0.0294988 -0.440256 69.4529
-0.457585 0.0605636 0.887101 137.194 -0.00146798 0.997625 -0.0688665 -9.83837 -0.889165 -0.0328145 -0.456409 68.9029
-0.471458 0.0617364 0.879725 138.245 -0.00223934 0.99746 -0.0711988 -9.9363 -0.881886 -0.0355373 -0.470122 68.3495
-0.487636 0.0599939 0.870984 139.308 -0.00210886 0.997552 -0.0698927 -10.0348 -0.873045 -0.0359189 -0.486315 67.7845
-0.501712 0.0563178 0.8632 140.378 -0.00503366 0.997672 -0.0680169 -10.1267 -0.86502 -0.0384699 -0.50026 67.1787
-0.518402 0.0554391 0.853338 141.453 -0.00573155 0.997649 -0.0682965 -10.2315 -0.855118 -0.040296 -0.516865 66.5559
-0.534177 0.0543153 0.843626 142.452 -0.00767514 0.997581 -0.0690872 -10.3223 -0.845338 -0.0433797 -0.532468 65.9409
-0.55027 0.0537134 0.833257 143.51 -0.00785783 0.997552 -0.0694933 -10.4239 -0.83495 -0.0447876 -0.548501 65.2729
-0.565459 0.0526294 0.823096 144.509 -0.00967047 0.99747 -0.0704226 -10.5215 -0.82472 -0.0477808 -0.563519 64.593
-0.580904 0.0519548 0.812312 145.54 -0.0101107 0.997423 -0.0710248 -10.6273 -0.813909 -0.0494717 -0.578882 63.8817
-0.595394 0.0488332 0.801949 146.537 -0.0113658 0.997539 -0.0691817 -10.729 -0.803353 -0.0503051 -0.593374 63.1528
-0.610116 0.0461988 0.790964 147.535 -0.010687 0.997728 -0.066519 -10.8266 -0.79224 -0.0490373 -0.608236 62.4013
-0.625297 0.0440295 0.779144 148.533 -0.0101519 0.997864 -0.0645368 -10.9278 -0.780321 -0.0482645 -0.623514 61.633
-0.640579 0.043373 0.766666 149.503 -0.00996546 0.99785 -0.0647783 -11.0231 -0.767828 -0.0491358 -0.63877 60.8419
-0.654925 0.0427202 0.754486 150.463 -0.0128824 0.997625 -0.0676696 -11.1248 -0.755584 -0.0540381 -0.652819 60.0264
-0.670535 0.0422676 0.740673 151.394 -0.0151694 0.997386 -0.0706503 -11.2252 -0.741723 -0.0586091 -0.668141 59.204
-0.686153 0.0382101 0.726453 152.342 -0.0178797 0.997432 -0.069351 -11.3309 -0.727238 -0.0605742 -0.683708 58.3432
-0.701285 0.0332371 0.712106 153.281 -0.019584 0.997637 -0.0658504 -11.428 -0.712612 -0.0601258 -0.698977 57.4487
-0.718456 0.0296719 0.694939 154.178 -0.0211198 0.997699 -0.0644334 -11.5303 -0.695251 -0.0609695 -0.716176 56.5603
-0.735778 0.0271922 0.676677 155.056 -0.0229001 0.997623 -0.0649896 -11.6279 -0.676835 -0.0633139 -0.733407 55.6627
-0.753247 0.0227612 0.657344 155.933 -0.0265795 0.997531 -0.0649979 -11.727 -0.6572 -0.0664314 -0.750783 54.695
-0.769269 0.0229021 0.638514 156.776 -0.0248622 0.997528 -0.0657327 -11.8235 -0.638441 -0.066441 -0.766798 53.7252
-0.78584 0.0214864 0.618056 157.567 -0.0255005 0.997421 -0.0670979 -11.9343 -0.617904 -0.068489 -0.783265 52.7406
-0.800217 0.023892 0.599234 158.363 -0.0203585 0.997548 -0.06696 -12.0276 -0.599364 -0.065782 -0.797769 51.7252
-0.814594 0.0244202 0.579518 159.121 -0.0167984 0.997701 -0.0656545 -12.1382 -0.579789 -0.0632167 -0.812311 50.6961
-0.828833 0.0263973 0.558873 159.837 -0.0143548 0.997554 -0.0684064 -12.2382 -0.559311 -0.06472 -0.826427 49.6589
-0.842083 0.0267382 0.538685 160.529 -0.0145422 0.997282 -0.0722337 -12.3488 -0.539152 -0.0686604 -0.839405 48.5882
-0.855106 0.0269335 0.517753 161.219 -0.0123111 0.997313 -0.0722128 -12.4538 -0.518307 -0.0681237 -0.852477 47.52
-0.866689 0.0274183 0.498096 161.868 -0.0089492 0.997473 -0.0704788 -12.5663 -0.498769 -0.0655407 -0.864253 46.3993
-0.876615 0.0282877 0.480361 162.49 -0.00725939 0.99738 -0.0719818 -12.6689 -0.481139 -0.0665874 -0.874112 45.2885
-0.886212 0.0305419 0.462272 163.071 -0.00465549 0.997187 -0.0748081 -12.7902 -0.463257 -0.068448 -0.883577 44.1871
-0.894575 0.028216 0.446026 163.658 -0.00668498 0.997049 -0.076482 -12.9009 -0.446867 -0.0714006 -0.891746 43.0284
-0.90241 0.0262401 0.430079 164.237 -0.00753436 0.99703 -0.07664 -13.0097 -0.430812 -0.0724011 -0.899533 41.9022
-0.909878 0.0240555 0.414178 164.786 -0.00835029 0.997054 -0.0762532 -13.1311 -0.414792 -0.0728396 -0.906996 40.7247
-0.916073 0.0226351 0.400373 165.3 -0.00861085 0.997065 -0.0760711 -13.2485 -0.40092 -0.0731342 -0.913189 39.5779
-0.921808 0.0188897 0.387186 165.812 -0.011067 0.997123 -0.074995 -13.3629 -0.387488 -0.073416 -0.918947 38.4001
-0.927748 0.0154191 0.372889 166.311 -0.0124226 0.997317 -0.0721468 -13.4725 -0.373001 -0.0715663 -0.925067 37.2218
-0.932306 0.0110588 0.361501 166.782 -0.0145856 0.99757 -0.0681332 -13.5794 -0.361376 -0.0687937 -0.929879 36.0258
-0.936606 0.0129889 0.350145 167.242 -0.0108675 0.997755 -0.0660818 -13.6826 -0.350218 -0.0656977 -0.934362 34.8162
-0.939634 0.0154863 0.34183 167.684 -0.00756544 0.997791 -0.0660001 -13.7937 -0.342097 -0.0646021 -0.937441 33.6053
-0.941737 0.0223793 0.335604 168.111 -0.000859892 0.997621 -0.0689379 -13.8969 -0.336348 -0.06521 -0.939477 32.4094
-0.943628 0.0239195 0.330143 168.538 0.000867499 0.997561 -0.0697956 -14.005 -0.331008 -0.0655747 -0.941347 31.2205
-0.945226 0.0220283 0.325671 168.966 -0.00060678 0.9976 -0.0692384 -14.1173 -0.326415 -0.0656436 -0.942944 29.9795
-0.946794 0.0149401 0.321493 169.385 -0.00663517 0.997804 -0.0659094 -14.2169 -0.321772 -0.0645358 -0.944615 28.758
-0.948427 0.00950137 0.316853 169.818 -0.0114146 0.997879 -0.0640902 -14.3224 -0.31679 -0.0644016 -0.946307 27.5152
-0.949825 0.00251217 0.312773 170.231 -0.018895 0.997681 -0.0653935 -14.4181 -0.312211 -0.0680222 -0.947574 26.3114
-0.95094 -6.04563e-05 0.309376 170.651 -0.0222234 0.99743 -0.068114 -14.5256 -0.308577 -0.0716477 -0.948497 25.0837
-0.95192 -0.000328685 0.306346 171.059 -0.0228638 0.997287 -0.0699755 -14.6299 -0.305492 -0.0736153 -0.949345 23.8619
-0.951804 0.000591722 0.306708 171.461 -0.0226077 0.997143 -0.0720819 -14.7406 -0.305874 -0.0755417 -0.94907 22.6271
-0.951707 0.00314673 0.306991 171.864 -0.0204329 0.997081 -0.0735646 -14.8573 -0.306326 -0.0762847 -0.948865 21.4161
-0.951496 0.00421773 0.307632 172.274 -0.0199155 0.996965 -0.0752669 -14.9674 -0.307015 -0.0777428 -0.948524 20.1954
-0.950817 0.00507294 0.309713 172.664 -0.019564 0.996886 -0.0763898 -15.0818 -0.309136 -0.0786919 -0.947757 18.9826
-0.950351 0.0069292 0.311102 173.097 -0.0176942 0.996931 -0.0762569 -15.1992 -0.310675 -0.0779755 -0.947312 17.7587
-0.949135 0.00647635 0.314803 173.495 -0.0184324 0.996931 -0.0760833 -15.3216 -0.31433 -0.0780159 -0.946103 16.5313
-0.948109 0.0047133 0.317912 173.916 -0.0205206 0.996898 -0.0759784 -15.4357 -0.317284 -0.0785595 -0.945071 15.3423
-0.946461 0.00387526 0.322796 174.337 -0.0210918 0.997049 -0.0738127 -15.5507 -0.322129 -0.0766692 -0.943586 14.139
-0.944296 0.00176433 0.329092 174.778 -0.0227194 0.99725 -0.0705375 -15.6655 -0.328311 -0.074085 -0.94166 12.9228
-0.942048 0.000360862 0.335478 175.206 -0.0238069 0.997406 -0.0679246 -15.7642 -0.334632 -0.0719749 -0.939596 11.7464
-0.939198 0.00229598 0.34337 175.645 -0.0219526 0.997531 -0.0667156 -15.8762 -0.342675 -0.070197 -0.936828 10.5489
-0.935901 0.00349802 0.352246 176.109 -0.0216423 0.997491 -0.0674082 -15.9783 -0.351598 -0.0707108 -0.933477 9.34849
-0.932431 0.00493867 0.361314 176.568 -0.0212146 0.997434 -0.0683814 -16.0883 -0.360725 -0.0714261 -0.929933 8.18054
-0.927896 0.00741981 0.372766 177.041 -0.019559 0.997457 -0.0685406 -16.1922 -0.372326 -0.0708895 -0.925391 6.96577
-0.923001 0.00989721 0.38467 177.567 -0.0181238 0.997442 -0.0691506 -16.2958 -0.38437 -0.0707978 -0.920461 5.78225
-0.917054 0.0112072 0.398607 178.066 -0.0184095 0.997349 -0.0703953 -16.4055 -0.398339 -0.0718944 -0.914416 4.59966
-0.911898 0.0135156 0.410194 178.577 -0.0166323 0.99742 -0.0698394 -16.5133 -0.410079 -0.0705089 -0.909321 3.48791
-0.90571 0.0138694 0.423671 179.116 -0.0162013 0.997602 -0.0672923 -16.6075 -0.423588 -0.0678113 -0.903313 2.35984
-0.898265 0.0164022 0.439148 179.726 -0.0144797 0.997656 -0.0668802 -16.7248 -0.439216 -0.0664348 -0.895922 1.11232
-0.891849 0.0177589 0.451984 180.256 -0.0138931 0.997682 -0.0666137 -16.8261 -0.452119 -0.0656889 -0.889535 0.0294856
-0.885289 0.0204319 0.464592 180.809 -0.0103591 0.99792 -0.0636259 -16.9169 -0.464926 -0.0611401 -0.883236 -0.99252
-0.877587 0.0223698 0.478896 181.443 -0.00753775 0.998144 -0.0604375 -17.0256 -0.479359 -0.056649 -0.875789 -2.17444
-0.869249 0.0251317 0.493735 182.062 -0.00428164 0.998287 -0.0583521 -17.127 -0.494355 -0.0528365 -0.867653 -3.27935
-0.860537 0.0285797 0.508586 182.696 -0.000513894 0.998376 -0.0569727 -17.2217 -0.509388 -0.0492884 -0.859124 -4.34361
-0.849903 0.0314852 0.525997 183.329 0.00267638 0.998458 -0.0554413 -17.3149 -0.526932 -0.045712 -0.848677 -5.38591
-0.839362 0.0340914 0.542503 183.971 0.00564082 0.998524 -0.0540206 -17.4029 -0.543544 -0.0422827 -0.838315 -6.41141
-0.827457 0.0361883 0.560363 184.712 0.00759481 0.998551 -0.0532717 -17.4937 -0.561478 -0.0398242 -0.826533 -7.49561
-0.815994 0.0382213 0.576796 185.389 0.00921758 0.998545 -0.0531283 -17.5812 -0.577988 -0.0380357 -0.815159 -8.4732
-0.802611 0.0401792 0.595148 186.151 0.010761 0.998542 -0.0529006 -17.6674 -0.596405 -0.0360543 -0.801873 -9.5074
-0.789269 0.0410102 0.612677 186.878 0.0125123 0.998634 -0.0507259 -17.7534 -0.61392 -0.0323704 -0.788704 -10.4682
-0.773343 0.042267 0.632577 187.671 0.0150843 0.99872 -0.0482906 -17.841 -0.633808 -0.0278032 -0.772991 -11.4477
-0.756632 0.0451371 0.652281 188.47 0.0174306 0.998652 -0.0488865 -17.9234 -0.653609 -0.0256194 -0.756399 -12.378
-0.739783 0.0478402 0.671143 189.272 0.0182109 0.998527 -0.0511033 -18.0095 -0.672599 -0.0255832 -0.739565 -13.2899
-0.721729 0.0484244 0.69048 190.085 0.0175309 0.998509 -0.0517026 -18.0936 -0.691954 -0.0252105 -0.721501 -14.1424
-0.702123 0.0489402 0.710372 190.983 0.0185465 0.998554 -0.050463 -18.1797 -0.711814 -0.0222564 -0.702015 -15.0143
-0.681931 0.0483708 0.729815 191.85 0.016964 0.998589 -0.0503337 -18.2637 -0.731219 -0.0219436 -0.681789 -15.8215
-0.662556 0.0480883 0.747467 192.698 0.0152614 0.998597 -0.0507169 -18.3422 -0.748857 -0.0221953 -0.66236 -16.5882
-0.641075 0.0478117 0.765988 193.652 0.0130525 0.998593 -0.0514066 -18.4247 -0.767367 -0.0229575 -0.640797 -17.3842
-0.620308 0.0477514 0.782904 194.571 0.0121297 0.99861 -0.0512973 -18.5051 -0.784265 -0.0223237 -0.620025 -18.0971
-0.59703 0.0474634 0.800814 195.562 0.0128514 0.998686 -0.04961 -18.5899 -0.802116 -0.0193271 -0.596856 -18.8455
-0.573149 0.0483338 0.818024 196.525 0.0134373 0.998679 -0.0495932 -18.6666 -0.819341 -0.0174323 -0.573042 -19.5114
-0.547751 0.0504414 0.835119 197.484 0.0142628 0.998599 -0.0509607 -18.7482 -0.83652 -0.0160027 -0.547703 -20.1719
-0.52022 0.0519115 0.852454 198.518 0.0159057 0.998567 -0.0511027 -18.8271 -0.853885 -0.0130258 -0.5203 -20.7966
-0.493371 0.0500647 0.868377 199.528 0.0139299 0.998669 -0.0496621 -18.9023 -0.869708 -0.0124055 -0.493411 -21.359
-0.46729 0.0480904 0.882795 200.52 0.0137474 0.998794 -0.0471325 -18.9773 -0.883997 -0.00988839 -0.467388 -21.8932
-0.435226 0.0488855 0.898993 201.62 0.0142882 0.998774 -0.0473941 -19.0584 -0.900208 -0.00778216 -0.435391 -22.4364
-0.405196 0.051356 0.912786 202.671 0.0151793 0.998661 -0.0494494 -19.1312 -0.914104 -0.0061813 -0.405433 -22.9025
-0.373208 0.0530765 0.926228 203.747 0.016535 0.998584 -0.0505603 -19.2068 -0.9276 -0.00355428 -0.373557 -23.3414
-0.340473 0.0534389 0.938735 204.882 0.018783 0.998571 -0.0500327 -19.2859 -0.940067 0.000597463 -0.34099 -23.7705
-0.308239 0.052826 0.949841 205.979 0.0190499 0.9986 -0.0493557 -19.3631 -0.951118 0.00288099 -0.308814 -24.1256
-0.279593 0.0522766 0.958695 206.933 0.0210464 0.99861 -0.0483152 -19.4268 -0.959888 0.00666851 -0.280305 -24.4173
-0.241323 0.0497576 0.969169 208.217 0.0219088 0.998709 -0.0458189 -19.5079 -0.970197 0.0101762 -0.242102 -24.7378
-0.208813 0.047998 0.976777 209.269 0.0223992 0.998768 -0.0442902 -19.5809 -0.977699 0.0126307 -0.209631 -24.9842
-0.173288 0.0478167 0.98371 210.451 0.0239944 0.998729 -0.04432 -19.6556 -0.984579 0.0159234 -0.174215 -25.1902
-0.139377 0.0477281 0.989089 211.54 0.0247345 0.998694 -0.0447062 -19.723 -0.98993 0.0182336 -0.140376 -25.3603
-0.10294 0.046834 0.993585 212.74 0.0249452 0.998698 -0.0444906 -19.8004 -0.994375 0.0202053 -0.103975 -25.5026
-0.0676463 0.047046 0.9966 213.885 0.0242815 0.998669 -0.0454955 -19.871 -0.997414 0.0211213 -0.0686987 -25.5671
-0.031747 0.0470699 0.998387 215.112 0.0237845 0.998643 -0.0463256 -19.9464 -0.999213 0.0222754 -0.0328235 -25.6174
-0.000343274 0.0457158 0.998955 216.205 0.0235158 0.998679 -0.0456951 -20.0114 -0.999723 0.0234755 -0.00141786 -25.6142
0.0337563 0.0459199 0.998375 217.396 0.0219191 0.99867 -0.0466745 -20.0901 -0.99919 0.0234591 0.0327049 -25.5799
0.0656633 0.04564 0.996798 218.547 0.0230087 0.998619 -0.0472391 -20.1621 -0.997577 0.0260369 0.0645224 -25.5095
0.097702 0.0437953 0.994252 219.721 0.0244583 0.998624 -0.0463913 -20.2335 -0.994915 0.0288503 0.0964964 -25.3969
0.130619 0.0421363 0.990537 220.908 0.026173 0.998602 -0.0459307 -20.3099 -0.991087 0.0319248 0.129333 -25.2417
0.159324 0.041896 0.986337 222.013 0.0270251 0.99854 -0.0467797 -20.3758 -0.986857 0.034109 0.157959 -25.0654
0.188381 0.0414642 0.98122 223.121 0.0290409 0.998436 -0.0477672 -20.4483 -0.981667 0.0374939 0.186882 -24.8679
0.219239 0.0408671 0.974815 224.28 0.0307776 0.998336 -0.0487751 -20.5242 -0.975186 0.0406959 0.217617 -24.6045
0.248927 0.038703 0.967749 225.422 0.0346221 0.998207 -0.0488267 -20.5948 -0.967903 0.0456598 0.247141 -24.3255
0.280251 0.0369612 0.959215 226.61 0.0368924 0.998106 -0.0492385 -20.6725 -0.959218 0.0491869 0.278357 -23.9794
0.309285 0.0362537 0.950278 227.701 0.0395819 0.997916 -0.0509538 -20.7519 -0.950145 0.053373 0.307206 -23.641
0.33899 0.0358373 0.940107 228.867 0.0401454 0.997813 -0.0525129 -20.8299 -0.939933 0.0555423 0.33681 -23.2325
0.366755 0.0334723 0.929716 229.924 0.0412471 0.997785 -0.0521941 -20.9072 -0.929403 0.0574905 0.364561 -22.823
0.394971 0.0321361 0.918131 231.002 0.0416269 0.997736 -0.0528299 -20.9861 -0.91775 0.0590853 0.392739 -22.3528
0.422581 0.0331459 0.905719 232.052 0.0425844 0.997501 -0.0563733 -21.0674 -0.905324 0.0623918 0.420113 -21.8741
0.451929 0.0342607 0.891396 233.186 0.043887 0.997198 -0.0605775 -21.1575 -0.890973 0.0664974 0.44916 -21.3201
0.479444 0.0331888 0.876945 234.229 0.0449255 0.997046 -0.0622958 -21.2479 -0.876422 0.0692646 0.476537 -20.7655
0.504405 0.0303546 0.862934 235.184 0.0459814 0.99702 -0.0619485 -21.3337 -0.862242 0.070926 0.501506 -20.1873
0.530112 0.0279772 0.847466 236.226 0.0450225 0.997117 -0.0610803 -21.4291 -0.846732 0.0705345 0.527324 -19.5924
0.554624 0.0280678 0.831628 237.28 0.042878 0.997139 -0.0622498 -21.5277 -0.830996 0.0701837 0.551834 -18.8968
0.575531 0.0279357 0.817303 238.273 0.0419276 0.997094 -0.0636057 -21.6203 -0.816705 0.0708745 0.572687 -18.21
0.595502 0.0266281 0.802913 239.248 0.0408934 0.99715 -0.0633996 -21.7169 -0.802312 0.0705884 0.592716 -17.4944
0.613087 0.0239009 0.789654 240.184 0.0410673 0.997227 -0.0620682 -21.8078 -0.788947 0.0704821 0.610405 -16.7575
0.630922 0.0209498 0.775564 241.13 0.0410274 0.997336 -0.0603162 -21.9015 -0.774761 0.0698742 0.628381 -16.0253
0.647484 0.0180468 0.761866 242.11 0.0421455 0.997342 -0.0594427 -21.9958 -0.760913 0.0705974 0.645002 -15.2212
0.662511 0.0160213 0.748881 243.009 0.043406 0.99727 -0.0597352 -22.0878 -0.747793 0.0720811 0.660007 -14.4121
0.677964 0.0156427 0.734929 243.918 0.0431244 0.997205 -0.061007 -22.179 -0.733829 0.0730539 0.675395 -13.5746
0.693224 0.0139722 0.720587 244.826 0.0438118 0.997146 -0.0614828 -22.2704 -0.719389 0.0741915 0.690634 -12.72
0.707847 0.0120806 0.706263 245.699 0.0429613 0.997267 -0.0601158 -22.3628 -0.705059 0.0728948 0.705393 -11.8613
0.722474 0.0085126 0.691346 246.558 0.0433132 0.997403 -0.0575445 -22.4569 -0.69004 0.0715188 0.720229 -10.9473
0.736575 0.00664441 0.676324 247.393 0.0436724 0.997398 -0.0573618 -22.5447 -0.674945 0.0717879 0.734368 -10.0608
0.749832 0.00622353 0.661599 248.234 0.0442435 0.997246 -0.0595248 -22.6393 -0.660148 0.073905 0.747491 -9.11074
0.763111 0.00575487 0.646242 249.082 0.0443503 0.997137 -0.0612504 -22.7319 -0.644744 0.0754018 0.76067 -8.15323
0.774049 0.0048236 0.633107 249.854 0.0438358 0.997163 -0.0611918 -22.8224 -0.631606 0.0751183 0.771642 -7.20225
0.785633 0.00233235 0.618688 250.648 0.0442186 0.997224 -0.0599098 -22.9157 -0.61711 0.0744247 0.783349 -6.1963
0.796368 -0.000851893 0.604812 251.409 0.0456493 0.997231 -0.0587027 -23.0106 -0.603087 0.0743582 0.794202 -5.1943
0.807121 -0.00199724 0.590384 252.174 0.045879 0.997182 -0.0593483 -23.1076 -0.588601 0.0749874 0.804938 -4.18449
0.815925 -0.00396853 0.578144 252.91 0.0486257 0.996905 -0.0617816 -23.1977 -0.576109 0.0785218 0.813592 -3.14549
0.824553 -0.00632512 0.565749 253.646 0.050091 0.996827 -0.0618609 -23.2935 -0.563562 0.0793465 0.822254 -2.09011
0.832335 -0.0099516 0.554184 254.355 0.0526353 0.99674 -0.0611548 -23.3838 -0.551769 0.0800709 0.830145 -1.03603
0.83978 -0.0112434 0.54281 255.076 0.0535358 0.996628 -0.0621816 -23.4807 -0.540281 0.0812786 0.83755 0.0597289
0.845404 -0.013021 0.533968 255.753 0.0540264 0.99666 -0.0612333 -23.5758 -0.531388 0.0806153 0.843284 1.13929
0.849425 -0.0144625 0.527511 256.451 0.0541741 0.996733 -0.0599069 -23.6691 -0.524921 0.0794638 0.847434 2.24031
0.852211 -0.0157315 0.522962 257.144 0.0543984 0.996795 -0.0586617 -23.7669 -0.520363 0.0784404 0.850335 3.39566
0.855185 -0.0169483 0.518046 257.824 0.0550278 0.996786 -0.0582286 -23.8615 -0.515394 0.0783031 0.853368 4.50389
0.857769 -0.017282 0.513744 258.503 0.0548047 0.996813 -0.0579721 -23.9572 -0.511105 0.0778823 0.855983 5.64319
0.859761 -0.0206131 0.51028 259.184 0.0572417 0.996778 -0.05618 -24.0474 -0.507478 0.0775107 0.858171 6.78594
0.862364 -0.0223197 0.505797 259.864 0.0583207 0.996757 -0.0554497 -24.1441 -0.502919 0.0773163 0.860869 7.93458
0.864706 -0.0228144 0.50176 260.523 0.0585919 0.996729 -0.0556543 -24.2355 -0.498849 0.0775237 0.863215 9.07473
0.866591 -0.024239 0.498431 261.201 0.0596212 0.996694 -0.0551898 -24.3288 -0.495445 0.077544 0.865171 10.2365
0.86893 -0.0245423 0.494327 261.84 0.0595934 0.996692 -0.0552698 -24.4182 -0.491335 0.0774842 0.867517 11.3749
0.87097 -0.0246149 0.490719 262.5 0.0590577 0.996748 -0.0548229 -24.5146 -0.487774 0.0767298 0.869591 12.5435
0.872949 -0.0252233 0.487159 263.162 0.0592572 0.99675 -0.054576 -24.6075 -0.484199 0.0765097 0.871607 13.7286
0.874574 -0.0235397 0.484321 263.792 0.0570477 0.996879 -0.0545634 -24.7 -0.481525 0.0753491 0.873187 14.8848
0.875205 -0.0224331 0.483232 264.457 0.055598 0.996969 -0.0544137 -24.7945 -0.480547 0.0744899 0.8738 16.0858
0.876271 -0.0210782 0.481357 265.098 0.0539423 0.997054 -0.0545376 -24.8857 -0.478789 0.0737552 0.874826 17.2537
0.876852 -0.020194 0.480336 265.743 0.0529146 0.997101 -0.0546759 -24.9834 -0.477839 0.0733595 0.875379 18.4595
0.877395 -0.0167637 0.479477 266.37 0.0498166 0.997171 -0.0562957 -25.0743 -0.477176 0.0732794 0.875747 19.6419
