1 0 2.83762e-10 0 9.31323e-10 1 0 0 -5.31145e-10 0 1 0
0.999982 -2.39983e-05 -0.00593858 -0.00130911 2.49594e-05 1 0.000161706 -0.0129693 0.00593857 -0.000161851 0.999982 0.0674219
0.999913 -0.000222114 -0.013222 -0.00612776 0.00021821 1 -0.000296748 -0.0199965 0.0132221 0.000293837 0.999913 0.146534
0.999768 0.000111724 -0.0215282 -0.00822164 -0.000133393 1 -0.00100515 -0.0196038 0.0215281 0.00100779 0.999768 0.223753
0.999515 0.000767198 -0.0311465 -0.0197898 -0.000867 0.999995 -0.00319092 -0.0222762 0.0311439 0.00321637 0.99951 0.325431
0.999064 0.00118212 -0.0432359 -0.0356739 -0.00136069 0.999991 -0.00410095 -0.0250696 0.0432307 0.00415595 0.999056 0.422173
0.998337 0.000969098 -0.0576463 -0.0584742 -0.00129704 0.999983 -0.00565181 -0.0267561 0.0576398 0.00571718 0.998321 0.541076
0.997234 0.00113794 -0.0743222 -0.0856718 -0.00152111 0.999986 -0.00509915 -0.0324055 0.0743154 0.00519809 0.997221 0.66786
0.995679 0.00020624 -0.0928641 -0.111941 -0.000672032 0.999987 -0.00498463 -0.0346703 0.0928619 0.00502549 0.995666 0.809696
0.993545 -0.000845764 -0.113439 -0.150103 0.000271947 0.999987 -0.00507374 -0.039948 0.113442 0.00501014 0.993532 0.959294
0.99081 -0.00094066 -0.135258 -0.189795 0.000205114 0.999985 -0.00545192 -0.0450552 0.135262 0.00537408 0.990795 1.12537
0.987171 0.00268471 -0.159643 -0.251535 -0.00385164 0.999968 -0.00700065 -0.0522093 0.159619 0.00752573 0.98715 1.30134
0.982683 0.00708335 -0.185161 -0.315312 -0.00876063 0.999928 -0.00824186 -0.0574405 0.18509 0.00972127 0.982674 1.46489
0.977111 0.0104143 -0.212475 -0.387339 -0.0127694 0.999871 -0.00971479 -0.0644223 0.212347 0.0122056 0.977118 1.63022
0.970371 0.0115089 -0.241344 -0.465197 -0.0143104 0.999849 -0.00985838 -0.074666 0.241194 0.01302 0.97039 1.82824
0.962011 0.013855 -0.27266 -0.560593 -0.016954 0.999816 -0.00901317 -0.0826816 0.272485 0.0132934 0.962068 2.03181
0.952309 0.0154526 -0.304744 -0.667621 -0.0188345 0.999789 -0.00816054 -0.0864979 0.304554 0.0135111 0.952399 2.24237
0.940861 0.0183373 -0.338296 -0.774176 -0.021708 0.999745 -0.00618289 -0.0968013 0.338096 0.013161 0.941019 2.43579
0.928172 0.0212292 -0.371547 -0.891065 -0.0249748 0.999674 -0.00527157 -0.100939 0.371314 0.0141722 0.928399 2.61477
0.914495 0.0245261 -0.403853 -1.01728 -0.0288939 0.999571 -0.00472393 -0.104572 0.403563 0.0159889 0.914812 2.81432
0.898385 0.0256048 -0.438461 -1.14889 -0.0306418 0.999521 -0.00441449 -0.103315 0.438138 0.0174011 0.898739 3.015
0.879641 0.0218057 -0.475137 -1.28064 -0.0273704 0.999614 -0.0047963 -0.103767 0.474849 0.0172237 0.879899 3.20049
0.857266 0.0182501 -0.514549 -1.43994 -0.0239084 0.999705 -0.004375 -0.114041 0.514318 0.0160526 0.85745 3.40749
0.830131 0.0202554 -0.557201 -1.60367 -0.0249087 0.999689 -0.000768813 -0.121366 0.557012 0.0145174 0.830378 3.58506
0.801496 0.0257893 -0.597444 -1.81165 -0.0297586 0.999552 0.00322427 -0.12177 0.597259 0.0151949 0.801904 3.76154
0.768879 0.0291838 -0.638729 -2.02074 -0.0332594 0.999431 0.00562796 -0.126752 0.638529 0.0169165 0.769412 3.92565
0.73319 0.028451 -0.679428 -2.22244 -0.0330121 0.999436 0.00622703 -0.124653 0.679222 0.0178637 0.733716 4.0698
0.693895 0.0253499 -0.71963 -2.46528 -0.0277499 0.999579 0.00845403 -0.129332 0.719541 0.0141034 0.694307 4.24819
0.651509 0.0221927 -0.758316 -2.70829 -0.0227232 0.999694 0.00973411 -0.13062 0.7583 0.0108895 0.651814 4.39209
0.607246 0.0217992 -0.794215 -2.95882 -0.0201428 0.999725 0.0120389 -0.129855 0.794259 0.00868715 0.607518 4.52953
0.559464 0.0222174 -0.828557 -3.25808 -0.0176093 0.999734 0.0149172 -0.127136 0.828668 0.0062447 0.559706 4.67339
0.508902 0.0236416 -0.8605 -3.55317 -0.0163956 0.999708 0.0177699 -0.125341 0.860669 0.00506531 0.509141 4.78313
0.456717 0.0249952 -0.889261 -3.8593 -0.0152865 0.999678 0.0202478 -0.119551 0.889481 0.00434617 0.456953 4.86955
0.402452 0.027519 -0.915027 -4.21363 -0.0141898 0.999616 0.0238219 -0.114901 0.915331 0.00339689 0.402688 4.97208
0.348177 0.0294184 -0.936967 -4.54296 -0.013501 0.999561 0.0263667 -0.109644 0.937331 0.00346975 0.348422 5.02604
0.292782 0.0324422 -0.955629 -4.93624 -0.0110026 0.999472 0.0305597 -0.105723 0.956116 0.00156706 0.292984 5.10031
0.239304 0.0345429 -0.97033 -5.31775 -0.00643992 0.999401 0.0339896 -0.102288 0.970923 -0.00188499 0.239383 5.15517
0.188578 0.0355795 -0.981414 -5.70571 -0.0041422 0.999363 0.0354343 -0.101515 0.98205 -0.0026169 0.188605 5.19216
0.14112 0.0366375 -0.989314 -6.14311 -0.00556611 0.999328 0.0362144 -0.0923712 0.989977 0.000396078 0.141229 5.20715
0.0986756 0.0363703 -0.994455 -6.56025 -0.0073427 0.999331 0.0358201 -0.0784855 0.995093 0.00376741 0.0988767 5.21011
0.0608595 0.0352095 -0.997525 -7.02294 -0.00837434 0.99936 0.0347633 -0.0635472 0.998111 0.00623794 0.0611155 5.19539
0.0265824 0.0328256 -0.999108 -7.48869 -0.0075548 0.999439 0.0326355 -0.0544296 0.999618 0.00668053 0.0268155 5.17533
-0.00462562 0.0303799 -0.999528 -7.95668 -0.00728885 0.999511 0.0304131 -0.0503542 0.999963 0.00742609 -0.00440192 5.15071
-0.0314827 0.0282921 -0.999104 -8.44646 -0.00700163 0.999569 0.0285259 -0.0421758 0.99948 0.00789343 -0.0312711 5.10972
-0.0518222 0.0262685 -0.998311 -8.95479 -0.00769027 0.999614 0.0267019 -0.0308768 0.998627 0.00906103 -0.0516001 5.06574
-0.0683452 0.0251175 -0.997346 -9.48865 -0.00756329 0.999641 0.0256936 -0.0165274 0.997633 0.00929925 -0.0681307 5.0149
-0.0811608 0.0257532 -0.996368 -10.0292 -0.00688469 0.999628 0.0263982 -0.00740365 0.996677 0.00900219 -0.0809533 4.9522
-0.0902837 0.0267173 -0.995558 -10.5875 -0.00789019 0.99959 0.027541 -0.00235975 0.995885 0.0103416 -0.0900359 4.88845
-0.0973991 0.0282053 -0.994846 -11.1547 -0.00876048 0.999535 0.029196 0.00399634 0.995207 0.011559 -0.0971067 4.82309
-0.100922 0.0294261 -0.994459 -11.7374 -0.0088484 0.999496 0.0304731 0.0156414 0.994855 0.0118748 -0.100611 4.75076
-0.102569 0.0303284 -0.994264 -12.3397 -0.00794556 0.999478 0.0313071 0.0287178 0.994694 0.0111111 -0.102274 4.68072
-0.101169 0.0324314 -0.99434 -12.9465 -0.00580705 0.999432 0.0331884 0.0385813 0.994852 0.00913182 -0.100923 4.61453
-0.0995834 0.0348844 -0.994418 -13.5895 -0.00582216 0.999348 0.0356404 0.0509382 0.995012 0.00933885 -0.0993154 4.54822
-0.0974497 0.0349324 -0.994627 -14.2333 -0.00650064 0.99934 0.0357348 0.0596031 0.995219 0.00994806 -0.0971584 4.47654
-0.0956091 0.0328209 -0.994878 -14.8788 -0.00962519 0.999379 0.0338944 0.0704158 0.995372 0.0128165 -0.0952338 4.41001
-0.0941738 0.0325717 -0.995023 -15.5782 -0.00937412 0.999391 0.0336019 0.0858563 0.995512 0.0124919 -0.0938111 4.3383
-0.0918024 0.0353883 -0.995148 -16.2633 -0.00899182 0.999298 0.0363654 0.099228 0.995737 0.0122866 -0.0914198 4.26539
-0.090586 0.0386086 -0.99514 -17.0039 -0.010612 0.999154 0.0397304 0.119148 0.995832 0.0141595 -0.0900996 4.2051
-0.0881764 0.040914 -0.995264 -17.7232 -0.00969724 0.999074 0.0419297 0.135599 0.996058 0.0133485 -0.087698 4.1328
-0.0867507 0.0400556 -0.995424 -18.4796 -0.0118398 0.999079 0.0412345 0.150164 0.99616 0.0153628 -0.0861965 4.06922
-0.0850652 0.0375399 -0.995668 -19.2188 -0.0154732 0.99912 0.038992 0.164717 0.996255 0.0187231 -0.0844095 4.00146
-0.0828645 0.0371087 -0.99587 -19.9765 -0.016603 0.999116 0.0386112 0.189051 0.996422 0.0197339 -0.0821752 3.92861
-0.081085 0.0391358 -0.995939 -20.7679 -0.0130596 0.999101 0.0403234 0.208297 0.996622 0.0162762 -0.080501 3.86729
-0.0793664 0.0414413 -0.995984 -21.5268 -0.0110391 0.999038 0.0424481 0.223971 0.996784 0.0143637 -0.0788326 3.80245
-0.07863 0.042827 -0.995984 -22.3294 -0.00813152 0.999016 0.0435994 0.244812 0.996871 0.0115271 -0.0782043 3.73823
-0.0775723 0.0384784 -0.996244 -23.1232 -0.00865215 0.999191 0.039266 0.259998 0.996949 0.0116656 -0.0771767 3.67574
-0.0768037 0.0319965 -0.996533 -23.9319 -0.0094047 0.999417 0.0328139 0.268846 0.997002 0.0118923 -0.076458 3.61395
-0.0765781 0.0276337 -0.996681 -24.7376 -0.00600938 0.999585 0.028176 0.285834 0.997045 0.0081471 -0.0763803 3.55329
-0.0766946 0.028685 -0.996642 -25.5625 -0.00810728 0.999535 0.0293922 0.302844 0.997022 0.0103343 -0.0764264 3.48187
-0.0764548 0.0350157 -0.996458 -26.3913 -0.00541469 0.999354 0.0355329 0.316362 0.997058 0.00811217 -0.0762158 3.41166
-0.0768718 0.0423247 -0.996142 -27.2398 -0.00613856 0.99906 0.0429223 0.330767 0.997022 0.00941439 -0.0765397 3.3384
-0.0764983 0.0478141 -0.995923 -28.0732 -0.00868766 0.99878 0.0486186 0.350347 0.997032 0.0123715 -0.0759896 3.26538
-0.0769626 0.0483505 -0.995861 -28.9095 -0.00853404 0.998755 0.0491505 0.367824 0.996998 0.0122815 -0.0764542 3.19701
-0.0770577 0.0455374 -0.995986 -29.7476 -0.00949632 0.998878 0.0464043 0.383955 0.996981 0.013034 -0.0765388 3.12593
-0.0773559 0.0431259 -0.99607 -30.5675 -0.00985383 0.998982 0.0440172 0.401198 0.996955 0.0132201 -0.0768522 3.05776
-0.0774001 0.0439895 -0.996029 -31.4203 -0.0111015 0.998926 0.0449802 0.422666 0.996938 0.0145389 -0.0768287 2.98172
-0.0764867 0.0461255 -0.996003 -32.2587 -0.0113866 0.998824 0.0471305 0.444537 0.997006 0.014946 -0.0758715 2.91001
-0.0765282 0.0446168 -0.996069 -33.0813 -0.0121292 0.998883 0.0456747 0.459439 0.996994 0.0155769 -0.0759015 2.84129
-0.0758835 0.0399946 -0.996314 -33.9368 -0.0138173 0.999057 0.0411571 0.47381 0.997021 0.0168895 -0.0752594 2.77631
-0.0758967 0.0360511 -0.996464 -34.7458 -0.0155878 0.999181 0.0373366 0.488498 0.996994 0.0183664 -0.0752726 2.70593
-0.0750358 0.0360186 -0.99653 -35.5641 -0.0160837 0.999174 0.0373252 0.504036 0.997051 0.0188287 -0.0743945 2.63902
-0.0739397 0.0385551 -0.996517 -36.4067 -0.0137065 0.999119 0.0396728 0.514709 0.997169 0.0165922 -0.0733461 2.57947
-0.0735906 0.043265 -0.99635 -37.239 -0.0148888 0.9989 0.0444754 0.533134 0.997177 0.0181074 -0.0728654 2.5099
-0.0719195 0.0488248 -0.996215 -38.0816 -0.0117001 0.998691 0.0497908 0.556322 0.997342 0.0152367 -0.0712541 2.44536
-0.0729712 0.0521483 -0.99597 -38.9137 -0.0134103 0.998491 0.0532628 0.57741 0.997244 0.0172429 -0.0721617 2.3795
-0.072473 0.0522407 -0.996001 -39.7425 -0.0127069 0.998498 0.0532963 0.601251 0.997289 0.0165187 -0.0717003 2.31611
-0.072457 0.0484898 -0.996192 -40.5618 -0.0131072 0.998685 0.0495645 0.621689 0.997285 0.0166486 -0.0717262 2.25181
-0.0722987 0.0443728 -0.996395 -41.391 -0.0145933 0.998856 0.0455412 0.641657 0.997276 0.0178332 -0.0715684 2.1906
-0.0718118 0.0413028 -0.996563 -42.228 -0.0177771 0.998931 0.042682 0.657268 0.99726 0.0207811 -0.0710008 2.11722
-0.0714471 0.039854 -0.996648 -43.0481 -0.0214417 0.998909 0.0414815 0.677086 0.997214 0.0243336 -0.0705146 2.04783
-0.072702 0.0373215 -0.996655 -43.8545 -0.0185089 0.999077 0.0387623 0.692816 0.997182 0.0212651 -0.0719441 1.98025
-0.0732569 0.0342092 -0.996726 -44.6795 -0.0157584 0.999247 0.0354539 0.70045 0.997189 0.018304 -0.0726627 1.92148
-0.0745793 0.0330317 -0.996668 -45.4802 -0.0114577 0.999357 0.0339782 0.711867 0.997149 0.0139536 -0.0741529 1.86407
-0.0757354 0.0359522 -0.99648 -46.3118 -0.010786 0.999262 0.0368724 0.726537 0.99707 0.0135406 -0.0752917 1.79615
-0.077758 0.0416119 -0.996104 -47.1419 -0.00819956 0.999068 0.0423758 0.743042 0.996939 0.0114627 -0.0773444 1.73063
-0.0798238 0.0454884 -0.995771 -47.9544 -0.00604139 0.998918 0.0461164 0.756685 0.996791 0.00969703 -0.0794627 1.66764
-0.0807396 0.0452073 -0.99571 -48.7381 -0.00598684 0.998931 0.045839 0.768839 0.996717 0.00966218 -0.0803826 1.59848
-0.0817039 0.0417181 -0.995783 -49.5625 -0.00925226 0.999049 0.0426141 0.785368 0.996614 0.012695 -0.0812402 1.52084
-0.0835503 0.0379666 -0.99578 -50.3562 -0.0143616 0.999124 0.0392991 0.798532 0.9964 0.0175844 -0.0829319 1.4382
-0.0847936 0.0365884 -0.995727 -51.1504 -0.0185362 0.999095 0.0382906 0.814779 0.996226 0.0217038 -0.0840386 1.35882
-0.0859371 0.0374839 -0.995595 -51.942 -0.0198207 0.99903 0.0393241 0.828079 0.996103 0.0231128 -0.0851108 1.27878
-0.087231 0.0392835 -0.995413 -52.7313 -0.0192537 0.998969 0.0411111 0.838298 0.996002 0.0227516 -0.0863847 1.20434
-0.0876289 0.0388697 -0.995395 -53.5141 -0.0213137 0.998937 0.0408843 0.849987 0.995925 0.0247982 -0.0867072 1.12919
-0.0886979 0.0386372 -0.995309 -54.3029 -0.0224087 0.998917 0.0407743 0.864269 0.995807 0.0259202 -0.0877361 1.05201
-0.0885189 0.0409033 -0.995234 -55.0821 -0.0204161 0.998872 0.0428687 0.879555 0.995865 0.0241135 -0.087584 0.975692
-0.0892908 0.0434324 -0.995058 -55.8535 -0.0203224 0.998761 0.0454176 0.890971 0.995798 0.0242773 -0.0882975 0.903988
-0.0884477 0.0478999 -0.994928 -56.626 -0.0189494 0.998581 0.0497603 0.912555 0.995901 0.0232545 -0.0874145 0.831952
-0.0893516 0.0501236 -0.994738 -57.4079 -0.0185667 0.998476 0.0519796 0.930631 0.995827 0.0231135 -0.0882848 0.752963
-0.0900235 0.0500291 -0.994682 -58.1591 -0.0194868 0.998458 0.0519826 0.947139 0.995749 0.0240629 -0.0889098 0.688061
-0.0892951 0.0486941 -0.994814 -58.8809 -0.0174724 0.998574 0.0504465 0.96505 0.995852 0.0218864 -0.0883169 0.626059
-0.089958 0.0449934 -0.994929 -59.6344 -0.018515 0.998731 0.0468394 0.982724 0.995773 0.0226347 -0.0890108 0.551505
-0.089686 0.0422397 -0.995074 -60.3359 -0.0198502 0.998826 0.0441881 0.9975 0.995772 0.0237155 -0.0887422 0.480234
-0.0885816 0.0402731 -0.995254 -61.0538 -0.0212794 0.998878 0.0423136 1.01617 0.995842 0.0249266 -0.0876252 0.409975
-0.0862182 0.0396538 -0.995487 -61.7353 -0.0212479 0.998907 0.0416303 1.02799 0.99605 0.0247412 -0.0852814 0.341402
-0.0820213 0.040197 -0.99582 -62.406 -0.0229849 0.998844 0.0422122 1.03823 0.996365 0.0263511 -0.0810025 0.282649
-0.0764177 0.0420651 -0.996188 -63.058 -0.0221227 0.998792 0.0438721 1.05087 0.99683 0.0253909 -0.0753948 0.233966
-0.0690607 0.0436977 -0.996655 -63.7083 -0.0206641 0.998763 0.045222 1.0601 0.997398 0.0237181 -0.0680723 0.186598
-0.0603088 0.0451711 -0.997157 -64.3434 -0.0235615 0.998633 0.0466629 1.07135 0.997902 0.0263087 -0.059162 0.144951
-0.0492108 0.0468076 -0.997691 -64.9599 -0.0262257 0.998496 0.0481389 1.08123 0.998444 0.0285341 -0.0479093 0.121443
-0.0340154 0.0485306 -0.998242 -65.5609 -0.0293028 0.998343 0.049534 1.09512 0.998992 0.0309362 -0.0325369 0.102645
-0.0158382 0.0499759 -0.998625 -66.1406 -0.0322793 0.998204 0.0504668 1.10861 0.999353 0.0330342 -0.0141965 0.100597
0.00583502 0.050648 -0.998699 -66.7012 -0.0323635 0.998203 0.0504337 1.11912 0.999459 0.0320271 0.00746367 0.111327
0.0316679 0.051102 -0.998191 -67.2468 -0.033144 0.998197 0.0500507 1.13148 0.998949 0.0314991 0.0333045 0.148487
0.060899 0.0509164 -0.996844 -67.7578 -0.0323858 0.998273 0.0490109 1.13548 0.997618 0.0292989 0.0624429 0.196187
0.0950715 0.0508601 -0.99417 -68.2564 -0.0308494 0.998365 0.0481246 1.14734 0.994992 0.0260942 0.096485 0.261527
0.132377 0.0511247 -0.98988 -68.7257 -0.0308186 0.998398 0.0474433 1.15856 0.99072 0.0242263 0.133741 0.355082
0.172756 0.0515203 -0.983616 -69.1833 -0.0315955 0.998407 0.0467458 1.16392 0.984458 0.0230022 0.174108 0.461839
0.218015 0.0519816 -0.97456 -69.6257 -0.0308403 0.998449 0.0463566 1.17439 0.975458 0.0199493 0.21928 0.588611
0.264703 0.0501987 -0.963022 -70.0492 -0.0276519 0.998629 0.0444541 1.18242 0.963933 0.0148622 0.265728 0.762154
0.314906 0.0458219 -0.948016 -70.4575 -0.020749 0.998928 0.0413904 1.17948 0.948896 0.00663627 0.315519 0.937816
0.365409 0.0407908 -0.929953 -70.8457 -0.0148169 0.999168 0.0380047 1.17903 0.930729 -0.000108214 0.365709 1.15655
0.417166 0.0362941 -0.908105 -71.2254 -0.0101031 0.999326 0.0352987 1.18498 0.908774 -0.00555073 0.417251 1.37428
0.467301 0.0352413 -0.883395 -71.6006 -0.0103972 0.999355 0.0343674 1.19387 0.884037 -0.00687509 0.467366 1.63701
0.515122 0.0331091 -0.856477 -71.9447 -0.00902546 0.999408 0.0332061 1.2061 0.857069 -0.00937509 0.515116 1.8924
0.55996 0.0291252 -0.828007 -72.2756 -0.0018128 0.999423 0.0339288 1.213 0.828517 -0.0174978 0.55969 2.17594
0.603588 0.0227367 -0.796972 -72.5906 0.00915391 0.99933 0.0354424 1.20485 0.797244 -0.028688 0.602975 2.49388
0.64526 0.0177095 -0.763758 -72.8815 0.0106144 0.999427 0.0321416 1.20419 0.763889 -0.0288465 0.644702 2.79819
0.686459 0.0122356 -0.727066 -73.1673 0.00787835 0.999675 0.0242616 1.21219 0.727126 -0.0223826 0.686139 3.12893
0.726561 0.00645471 -0.687071 -73.4299 0.00376921 0.999903 0.0133795 1.21086 0.687091 -0.0123107 0.726467 3.44625
0.765581 0.00331431 -0.643331 -73.7014 -0.000728638 0.999991 0.00428466 1.21492 0.643339 -0.0028115 0.765577 3.82374
0.802226 0.00173208 -0.597018 -73.9446 -0.00183582 0.999998 0.000434384 1.21547 0.597018 0.000747545 0.802228 4.2026
0.835954 -0.000123308 -0.5488 -74.172 -0.00124672 0.999997 -0.00212374 1.21279 0.548798 0.00245955 0.835951 4.62922
0.866533 0.000859353 -0.499119 -74.3989 -0.00391617 0.999979 -0.00507725 1.20953 0.499105 0.00635424 0.866518 5.09711
0.892296 0.00237056 -0.451444 -74.5988 -0.00470233 0.999981 -0.00404338 1.19438 0.451426 0.00573074 0.89229 5.55862
0.913841 0.00671086 -0.406016 -74.8035 -0.00921502 0.999949 -0.00421302 1.18862 0.405967 0.00759147 0.913856 6.06815
0.930735 0.0123569 -0.365484 -74.977 -0.0154677 0.999865 -0.00558476 1.1808 0.365366 0.0108511 0.930801 6.57414
0.944373 0.0167686 -0.32845 -75.1591 -0.019574 0.999795 -0.00523682 1.17351 0.328294 0.0113746 0.944507 7.11455
0.954645 0.0173757 -0.297238 -75.3242 -0.0193044 0.999807 -0.00355462 1.1613 0.297119 0.00913141 0.954797 7.68761
0.961747 0.016616 -0.273435 -75.4638 -0.0178016 0.99984 -0.00185531 1.14686 0.27336 0.00665192 0.961889 8.25516
0.967848 0.0171973 -0.250948 -75.6216 -0.0176589 0.999844 0.000412409 1.13853 0.250916 0.00403231 0.968001 8.86145
0.972082 0.0189588 -0.233874 -75.7527 -0.0188556 0.999819 0.00267715 1.13115 0.233883 0.00180744 0.972263 9.46952
0.975563 0.0243977 -0.218359 -75.9003 -0.0239609 0.999702 0.00464857 1.12376 0.218408 0.000697108 0.975857 10.0934
0.978554 0.0267234 -0.204249 -76.0378 -0.026227 0.999643 0.00513717 1.11812 0.204313 0.000329826 0.978906 10.7486
0.98117 0.0268714 -0.191267 -76.1656 -0.026309 0.999639 0.0054797 1.10802 0.191345 -0.000344487 0.981523 11.395
0.983625 0.027172 -0.178166 -76.2783 -0.0266527 0.999631 0.00530764 1.10054 0.178244 -0.000472129 0.983986 12.0741
0.986285 0.0269333 -0.162839 -76.4018 -0.0263683 0.999636 0.00563031 1.09368 0.162931 -0.00125931 0.986637 12.783
0.988322 0.0277232 -0.149838 -76.4996 -0.027128 0.999614 0.00601514 1.08861 0.149947 -0.00188009 0.988692 13.4788
0.990252 0.0279672 -0.136449 -76.5981 -0.0277832 0.999609 0.00325302 1.07316 0.136486 0.000569665 0.990642 14.1987
0.991498 0.0284481 -0.126972 -76.6808 -0.028927 0.99958 -0.00192942 1.06214 0.126863 0.00558593 0.991904 14.9219
0.992744 0.0288198 -0.116745 -76.7765 -0.029948 0.99952 -0.00792139 1.04305 0.116461 0.0113602 0.99313 15.6581
0.993672 0.0287186 -0.108588 -76.8544 -0.029788 0.999522 -0.00823855 1.03586 0.1083 0.011421 0.994053 16.428
0.994287 0.0301618 -0.102392 -76.9367 -0.0305828 0.999529 -0.00254357 1.01793 0.102267 0.00566047 0.994741 17.1933
0.994718 0.0333544 -0.0970768 -77.028 -0.0330309 0.999442 0.00493838 1.0077 0.0971873 -0.00170577 0.995265 17.958
0.995213 0.0327132 -0.0920975 -77.1061 -0.031995 0.999445 0.00926464 0.992701 0.0923495 -0.00627363 0.995707 18.7477
0.99545 0.0343107 -0.0888983 -77.1785 -0.0336543 0.999394 0.00887248 0.976121 0.0891489 -0.00584029 0.996001 19.5051
0.995766 0.0334599 -0.0856227 -77.2469 -0.032893 0.999427 0.00802354 0.964521 0.0858421 -0.00517318 0.996295 20.2806
0.996001 0.0318074 -0.0834877 -77.3114 -0.0310904 0.999468 0.00987516 0.958986 0.0837574 -0.00724001 0.99646 21.0334
0.996304 0.0295257 -0.08066 -77.3768 -0.0285878 0.99951 0.012758 0.949654 0.0809972 -0.010405 0.99666 21.806
0.996625 0.0265344 -0.0776773 -77.4384 -0.025535 0.999578 0.0138315 0.938008 0.0780116 -0.0118013 0.996883 22.5825
0.996869 0.0245342 -0.0751638 -77.4995 -0.0237532 0.999654 0.0112672 0.92916 0.0754142 -0.00944654 0.997108 23.3288
0.996852 0.029153 -0.0737342 -77.5607 -0.0289657 0.999574 0.0036084 0.915544 0.073808 -0.00146128 0.997271 24.0884
0.996926 0.030512 -0.0721586 -77.627 -0.0308528 0.999517 -0.00361286 0.898728 0.0720135 0.00582805 0.997387 24.8522
0.996952 0.0322104 -0.0710567 -77.6903 -0.0328229 0.999433 -0.00746915 0.880674 0.0707759 0.00977867 0.997444 25.5981
0.997116 0.0321607 -0.0687488 -77.7483 -0.0326631 0.999447 -0.00619579 0.867061 0.0685116 0.00842347 0.997615 26.3583
0.997135 0.0352744 -0.0669148 -77.8104 -0.0354963 0.999368 -0.00213094 0.845319 0.0667973 0.00450006 0.997756 27.1193
0.997194 0.0382569 -0.0643501 -77.8728 -0.0381854 0.999268 0.0023412 0.826547 0.0643926 0.000122606 0.997925 27.8729
0.997416 0.0365537 -0.0618522 -77.9242 -0.0363361 0.999329 0.00463897 0.811228 0.0619802 -0.00237952 0.998075 28.6526
0.997563 0.0344878 -0.0606562 -77.9725 -0.0342504 0.999401 0.00494999 0.793447 0.0607906 -0.00286043 0.998147 29.3909
0.997696 0.0325739 -0.0595155 -78.0212 -0.0323402 0.999465 0.00488622 0.77712 0.0596428 -0.00295022 0.998215 30.17
0.99772 0.0331428 -0.058795 -78.0728 -0.0330028 0.99945 0.00335099 0.766363 0.0588737 -0.00140294 0.998264 30.907
0.997857 0.0310199 -0.0576194 -78.1222 -0.0309444 0.999519 0.00220219 0.750519 0.05766 -0.000414472 0.998336 31.6813
0.99792 0.0303426 -0.0568805 -78.1667 -0.0302734 0.99954 0.00207777 0.736367 0.0569174 -0.000351478 0.998379 32.4149
0.997873 0.0324996 -0.0565019 -78.2202 -0.0323739 0.999471 0.00313982 0.726146 0.056574 -0.00130395 0.998398 33.2087
0.997779 0.0346882 -0.0568743 -78.2687 -0.0345821 0.999398 0.0028485 0.713674 0.0569388 -0.000875342 0.998377 33.9703
0.997818 0.0316261 -0.0579566 -78.3269 -0.0315512 0.9995 0.00220703 0.69994 0.0579974 -0.000373611 0.998317 34.7422
0.997709 0.0310831 -0.0600908 -78.3788 -0.0309648 0.999516 0.00289915 0.686875 0.0601518 -0.0010318 0.998189 35.5092
0.997463 0.0333596 -0.0628866 -78.4425 -0.0332201 0.999443 0.00326242 0.674869 0.0629604 -0.00116504 0.998015 36.3186
0.997227 0.0344957 -0.0659478 -78.5085 -0.0343956 0.999405 0.00265281 0.660372 0.066 -0.000377137 0.99782 37.1257
0.996938 0.0378828 -0.0684033 -78.5765 -0.0380668 0.999274 -0.00138862 0.647119 0.0683011 0.00398827 0.997657 37.9084
0.996722 0.0387039 -0.0710445 -78.6521 -0.0391795 0.999218 -0.00531236 0.628922 0.0707834 0.00807844 0.997459 38.7255
0.996613 0.0376101 -0.0731315 -78.7173 -0.0381616 0.999253 -0.00615685 0.612189 0.0728453 0.00892681 0.997303 39.5293
0.996488 0.0369448 -0.0751493 -78.7897 -0.0374201 0.999288 -0.00492569 0.59435 0.0749138 0.00772048 0.99716 40.336
0.996419 0.0344225 -0.0772323 -78.8605 -0.0347997 0.999388 -0.00354303 0.56868 0.0770631 0.006218 0.997007 41.1827
0.996265 0.034587 -0.0791221 -78.9331 -0.034834 0.999392 -0.00174296 0.55093 0.0790137 0.00449258 0.996863 42.0079
0.996223 0.0330378 -0.0802988 -79.0055 -0.0330379 0.999453 0.00132736 0.538068 0.0802987 0.00133056 0.99677 42.8275
0.996125 0.0332038 -0.0814361 -79.0807 -0.0328441 0.999444 0.00575372 0.524649 0.0815818 -0.00305673 0.996662 43.6978
0.996214 0.0325137 -0.0806302 -79.1569 -0.0319058 0.999452 0.0088166 0.5112 0.0808726 -0.00621065 0.996705 44.5433
0.996282 0.0354442 -0.0785274 -79.2433 -0.0348409 0.999352 0.00904 0.502129 0.078797 -0.00627043 0.996871 45.4182
0.996377 0.0354388 -0.0773108 -79.3155 -0.0349284 0.999358 0.00794435 0.491543 0.0775427 -0.00521522 0.996975 46.2784
0.996572 0.0340634 -0.0753889 -79.3873 -0.0337196 0.999414 0.00582862 0.480819 0.0755433 -0.00326656 0.997137 47.1401
0.99685 0.0295709 -0.0735961 -79.4529 -0.0293338 0.99956 0.0043009 0.463968 0.0736909 -0.0021285 0.997279 48.0104
0.996986 0.0290198 -0.0719447 -79.5245 -0.0288106 0.999577 0.00394442 0.450863 0.0720287 -0.00185976 0.997401 48.8883
0.997131 0.0262749 -0.0709924 -79.5881 -0.0258905 0.999645 0.00632846 0.44221 0.0711335 -0.00447227 0.997457 49.7518
0.997284 0.0228727 -0.0700155 -79.6532 -0.0222985 0.999711 0.00897243 0.424769 0.0702005 -0.00738681 0.997506 50.6547
0.997345 0.0220676 -0.0694035 -79.7133 -0.0214724 0.999726 0.00930947 0.409715 0.0695899 -0.00779448 0.997545 51.5163
0.997367 0.0236271 -0.0685613 -79.7799 -0.0232628 0.999711 0.00610745 0.397315 0.0686858 -0.00449645 0.997628 52.385
0.997298 0.0283464 -0.0677734 -79.8512 -0.0283591 0.999597 0.000775778 0.372771 0.0677681 0.00114831 0.9977 53.2136
0.997308 0.0297058 -0.0670341 -79.9154 -0.0300978 0.999535 -0.00484625 0.355855 0.066859 0.00685079 0.997739 54.0867
0.997117 0.036653 -0.0664358 -79.9905 -0.037415 0.999247 -0.0102628 0.328377 0.0660096 0.012719 0.997738 54.9374
0.997115 0.0377882 -0.065836 -80.047 -0.0386436 0.999184 -0.0117675 0.304682 0.0653376 0.0142777 0.997761 55.8085
0.997279 0.0348783 -0.0649546 -80.1169 -0.0353422 0.999357 -0.00600624 0.280209 0.0647034 0.00828553 0.99787 56.6533
0.997345 0.0318618 -0.0654805 -80.1767 -0.0316714 0.999491 0.00394357 0.256358 0.0655728 -0.00185924 0.997846 57.4845
0.997448 0.0263586 -0.0663512 -80.2362 -0.0256789 0.999609 0.0110765 0.245355 0.0666172 -0.00934444 0.997735 58.3354
0.997227 0.0282659 -0.068849 -80.2971 -0.027659 0.99957 0.00975318 0.226692 0.0690951 -0.00782184 0.997579 59.1729
0.997189 0.0240778 -0.0709506 -80.3619 -0.0236603 0.999698 0.00671874 0.206987 0.0710909 -0.00502114 0.997457 60.0082
0.997058 0.022146 -0.0733853 -80.4301 -0.0218316 0.999749 0.00508286 0.19632 0.0734795 -0.00346578 0.997291 60.8353
0.996793 0.0235769 -0.0764758 -80.5011 -0.0234141 0.999721 0.00302497 0.175154 0.0765258 -0.00122466 0.997067 61.6578
0.996468 0.0250277 -0.0801544 -80.5832 -0.0251275 0.999684 -0.000236418 0.157272 0.0801231 0.00224966 0.996782 62.493
0.996126 0.0257552 -0.0840819 -80.6596 -0.0261564 0.999651 -0.00367292 0.142575 0.0839579 0.00585797 0.996452 63.274
0.995777 0.0286654 -0.087215 -80.7405 -0.029391 0.999543 -0.00704621 0.112618 0.0869731 0.00957979 0.996165 64.0954
0.995347 0.032359 -0.0907616 -80.8306 -0.0331919 0.99942 -0.00768201 0.0927476 0.0904604 0.0106588 0.995843 64.9037
0.994926 0.0361842 -0.0938773 -80.9229 -0.0369032 0.999301 -0.00593376 0.0719169 0.093597 0.00936802 0.995566 65.6954
0.99443 0.0392329 -0.0978222 -81.0128 -0.0394875 0.99922 -0.000667178 0.0554739 0.0977197 0.00452622 0.995204 66.5052
0.994083 0.0385237 -0.101561 -81.1054 -0.0380889 0.999255 0.00621774 0.0381509 0.101724 -0.00231262 0.99481 67.2967
0.993601 0.0377903 -0.106437 -81.1974 -0.0370059 0.999272 0.00933553 0.0174607 0.106713 -0.00533698 0.994276 68.1014
0.99284 0.0396578 -0.112673 -81.2977 -0.0386556 0.999191 0.0110657 0.00577376 0.113021 -0.00663106 0.993571 68.8893
0.992277 0.0347999 -0.119062 -81.3995 -0.0333286 0.999342 0.0143268 -0.00242134 0.119483 -0.010248 0.992783 69.6857
0.991445 0.0369663 -0.125185 -81.509 -0.0353812 0.999263 0.0148629 -0.0149407 0.125642 -0.0103066 0.992022 70.4629
0.990507 0.0401857 -0.131454 -81.6243 -0.038668 0.999153 0.0140788 -0.0199765 0.131908 -0.00886212 0.991222 71.2289
0.989547 0.0430759 -0.137629 -81.7337 -0.0419814 0.99906 0.0108469 -0.0308037 0.137967 -0.0049557 0.990424 71.9854
0.988696 0.0428988 -0.143663 -81.8615 -0.0422006 0.999078 0.00790547 -0.0402062 0.14387 -0.00175345 0.989595 72.7514
0.987811 0.045264 -0.148931 -81.9815 -0.0447269 0.998975 0.00695544 -0.0530889 0.149094 -0.000209424 0.988823 73.5024
0.987081 0.0439511 -0.154076 -82.1039 -0.0427284 0.999024 0.0112403 -0.0543842 0.15442 -0.00451163 0.987995 74.2717
0.986138 0.0446133 -0.159815 -82.2339 -0.0425545 0.998961 0.0162836 -0.0670326 0.160376 -0.00925701 0.987013 75.0266
0.985298 0.0427001 -0.165421 -82.371 -0.0401037 0.999015 0.0190058 -0.075103 0.16607 -0.0120924 0.98604 75.7695
0.984133 0.040133 -0.172831 -82.5213 -0.0380542 0.999158 0.0153257 -0.0799308 0.173301 -0.00850559 0.984832 76.5392
0.982622 0.0396121 -0.181342 -82.6642 -0.0387401 0.999214 0.00834931 -0.0910496 0.181531 -0.00117898 0.983385 77.2589
0.981002 0.0376986 -0.190299 -82.8258 -0.0371636 0.999289 0.00638086 -0.0968938 0.190404 0.000812539 0.981705 77.9986
0.979063 0.0344778 -0.200616 -82.9873 -0.0333169 0.999403 0.00916096 -0.106536 0.200812 -0.00228525 0.979627 78.7193
0.976731 0.0352859 -0.211545 -83.1583 -0.0328666 0.999348 0.0149427 -0.110699 0.211934 -0.00764227 0.977254 79.4568
0.974215 0.0359696 -0.222737 -83.3492 -0.0316063 0.999233 0.0231246 -0.111457 0.223398 -0.0154884 0.974604 80.1864
0.971491 0.0368689 -0.234194 -83.5263 -0.0311774 0.999123 0.0279599 -0.125039 0.235019 -0.0198612 0.971788 80.9124
0.968548 0.0403342 -0.245538 -83.7327 -0.0356302 0.999087 0.0235719 -0.126629 0.246264 -0.014082 0.9691 81.6212
0.965442 0.0396386 -0.257588 -83.9398 -0.0372538 0.999206 0.014134 -0.129289 0.257943 -0.00404939 0.966152 82.3261
0.961955 0.0385245 -0.270479 -84.1432 -0.0373338 0.999257 0.00954799 -0.128814 0.270646 0.000913254 0.962679 83.0317
0.95872 0.0369362 -0.281941 -84.3721 -0.0345001 0.999312 0.0136017 -0.124389 0.28225 -0.00331327 0.959335 83.7455
0.955307 0.0380356 -0.293157 -84.5974 -0.0331618 0.999217 0.021579 -0.132428 0.293749 -0.0108929 0.955821 84.449
0.951342 0.0374386 -0.305853 -84.8321 -0.0304941 0.999158 0.0274538 -0.132511 0.306623 -0.0167913 0.951683 85.1618
0.947566 0.0354361 -0.317589 -85.0812 -0.0285563 0.999246 0.0262932 -0.137399 0.318281 -0.0158454 0.947864 85.8603
0.943555 0.0339567 -0.329472 -85.3439 -0.0285652 0.999367 0.0211926 -0.129936 0.329983 -0.010585 0.943928 86.5654
0.940648 0.0300274 -0.338052 -85.6039 -0.0264871 0.999535 0.0150818 -0.134703 0.338347 -0.00523267 0.941007 87.2556
0.937739 0.0263583 -0.346338 -85.8721 -0.0247295 0.999653 0.00912194 -0.139687 0.346458 1.07586e-05 0.938066 87.9739
0.93502 0.0254956 -0.353678 -86.1537 -0.024543 0.999673 0.00717888 -0.146335 0.353746 0.00196794 0.93534 88.6788
0.931913 0.0303028 -0.361413 -86.429 -0.0297747 0.999532 0.00703133 -0.150721 0.361457 0.00420837 0.932379 89.3617
0.928918 0.0320363 -0.368897 -86.7276 -0.0306985 0.999484 0.00949706 -0.16168 0.369011 0.00250259 0.929422 90.0672
0.925724 0.0317498 -0.376864 -87.0136 -0.0277824 0.999487 0.0159598 -0.163797 0.377178 -0.00430419 0.926131 90.7593
0.923042 0.0349803 -0.383107 -87.3061 -0.0277889 0.999319 0.0242912 -0.167979 0.383695 -0.0117757 0.923385 91.4584
0.920224 0.0423287 -0.389098 -87.6188 -0.0326729 0.998973 0.031403 -0.167112 0.390027 -0.0161848 0.920661 92.1568
0.91748 0.0494576 -0.394697 -87.9312 -0.041324 0.998722 0.0290868 -0.161865 0.395631 -0.0103761 0.918351 92.8269
0.915137 0.04758 -0.400324 -88.26 -0.0427093 0.998865 0.0210859 -0.158017 0.400873 -0.00219899 0.916131 93.5528
0.9131 0.0415569 -0.405613 -88.5684 -0.039132 0.999132 0.0142732 -0.167766 0.405855 0.00283961 0.913933 94.2505
0.911417 0.0419621 -0.409339 -88.8863 -0.0399942 0.99911 0.0133711 -0.16757 0.409536 0.00418452 0.912284 94.9431
0.909143 0.0463043 -0.413903 -89.2143 -0.0426181 0.998927 0.0181412 -0.159931 0.414299 0.00114682 0.91014 95.6252
0.906792 0.0477464 -0.418865 -89.5461 -0.0419655 0.998854 0.023009 -0.164545 0.419484 -0.0032865 0.907757 96.3261
0.904621 0.0451428 -0.42382 -89.8936 -0.0396268 0.998976 0.0218238 -0.173417 0.424371 -0.00294766 0.905483 97.0342
0.902536 0.0429628 -0.428465 -90.2245 -0.0403631 0.99907 0.0151558 -0.174837 0.428718 0.00361551 0.903431 97.7124
0.899974 0.0414297 -0.433972 -90.5608 -0.0416529 0.999092 0.00899958 -0.178357 0.43395 0.0099768 0.900882 98.393
0.897634 0.0432481 -0.438615 -90.9229 -0.0443883 0.998985 0.00766002 -0.18526 0.438501 0.0125935 0.898643 99.0911
0.89589 0.044464 -0.442046 -91.2737 -0.0438819 0.99897 0.0115481 -0.191241 0.442104 0.00905199 0.896918 99.7588
0.89377 0.0469109 -0.446065 -91.6366 -0.0452584 0.998872 0.0143642 -0.200733 0.446236 0.00734994 0.894885 100.459
0.89148 0.0479527 -0.450515 -91.989 -0.0461422 0.998822 0.0150082 -0.209457 0.450704 0.00740827 0.892642 101.131
0.8893 0.0462523 -0.454979 -92.3489 -0.0444164 0.998905 0.0147306 -0.216383 0.455162 0.0071086 0.89038 101.816
0.887089 0.0448113 -0.459419 -92.7009 -0.0431526 0.998969 0.0141153 -0.224503 0.459577 0.00730355 0.888108 102.483
0.885154 0.0439551 -0.463217 -93.0562 -0.0418059 0.999014 0.0149111 -0.22898 0.463415 0.00616655 0.88612 103.146
0.883013 0.0452368 -0.467163 -93.428 -0.0430006 0.998956 0.0154537 -0.235985 0.467374 0.00644249 0.884036 103.821
0.880684 0.0450103 -0.47156 -93.7891 -0.0427698 0.998965 0.0154741 -0.242256 0.471769 0.00654078 0.881698 104.472
0.878423 0.0428994 -0.475955 -94.1603 -0.0423496 0.999032 0.0118856 -0.253216 0.476004 0.00971595 0.879389 105.135
0.876117 0.0396482 -0.480466 -94.521 -0.0410487 0.999128 0.0075972 -0.262767 0.480348 0.0130665 0.876981 105.781
0.874431 0.0384154 -0.483627 -94.8865 -0.0412414 0.999138 0.00479613 -0.275813 0.483394 0.0157516 0.875261 106.412
0.872261 0.0402993 -0.487377 -95.2582 -0.0415388 0.999103 0.00826981 -0.278808 0.487273 0.0130316 0.873152 107.065
0.87039 0.0436256 -0.490427 -95.6234 -0.0405705 0.999034 0.0168655 -0.286905 0.490689 0.00521732 0.871319 107.693
0.869231 0.0449939 -0.492355 -95.9826 -0.0365297 0.998973 0.0267999 -0.290356 0.493055 -0.00530973 0.869982 108.322
0.867391 0.0439504 -0.495683 -96.3378 -0.0323587 0.998966 0.0319506 -0.294523 0.496574 -0.011674 0.867916 108.947
0.866019 0.0424085 -0.498209 -96.6848 -0.0306041 0.999024 0.0318408 -0.296282 0.499073 -0.0123275 0.866472 109.54
0.864206 0.0405618 -0.501501 -97.0369 -0.030341 0.999133 0.0285259 -0.294468 0.502223 -0.00943619 0.864687 110.132
0.862471 0.0388126 -0.504616 -97.3757 -0.0300279 0.999223 0.0255327 -0.295411 0.505215 -0.00686861 0.862966 110.703
0.861455 0.037109 -0.506477 -97.7013 -0.0287094 0.99929 0.0243857 -0.29401 0.507023 -0.00646655 0.861909 111.244
0.859912 0.0357851 -0.509187 -98.0299 -0.0271878 0.999335 0.0243175 -0.295354 0.509718 -0.00706725 0.860312 111.792
0.858779 0.0353716 -0.511124 -98.3408 -0.0260534 0.999338 0.0253835 -0.297021 0.511683 -0.00848231 0.859132 112.301
0.857388 0.0349648 -0.513482 -98.6551 -0.0247209 0.999336 0.0267704 -0.299255 0.514077 -0.0102589 0.857683 112.819
0.855982 0.0339423 -0.51589 -98.9555 -0.0230356 0.999356 0.02753 -0.298807 0.516492 -0.0116814 0.856213 113.306
0.854928 0.0320597 -0.517756 -99.2223 -0.0205043 0.999397 0.0280262 -0.30332 0.518342 -0.0133442 0.855069 113.751
0.853917 0.0312533 -0.519469 -99.5053 -0.0201111 0.999431 0.0270704 -0.305743 0.52002 -0.0126688 0.85406 114.204
0.852736 0.0312395 -0.521407 -99.7652 -0.0221222 0.999474 0.0237027 -0.312598 0.521873 -0.00867755 0.852979 114.609
0.851028 0.0295837 -0.524287 -100.013 -0.0226023 0.99955 0.0197128 -0.315197 0.524635 -0.004926 0.851313 115.008
0.848681 0.0260649 -0.528263 -100.254 -0.0196755 0.999649 0.0177138 -0.31679 0.52854 -0.00463955 0.848896 115.392
0.846476 0.0222739 -0.531961 -100.474 -0.014995 0.999726 0.0179992 -0.321528 0.532216 -0.00725915 0.846578 115.744
0.843017 0.0227253 -0.537408 -100.709 -0.0145421 0.999705 0.0194627 -0.322848 0.537691 -0.00859238 0.843098 116.101
0.839541 0.0265847 -0.542646 -100.934 -0.0177184 0.999611 0.0215593 -0.32407 0.543007 -0.00848511 0.839685 116.42
0.835728 0.0322963 -0.548193 -101.144 -0.0217246 0.999432 0.0257611 -0.325242 0.548714 -0.00962003 0.835955 116.715
0.831981 0.0376886 -0.553523 -101.367 -0.0234062 0.999186 0.0328521 -0.321727 0.55431 -0.0143765 0.832186 117.025
0.827126 0.0396672 -0.560615 -101.554 -0.0225911 0.999047 0.0373585 -0.322144 0.561563 -0.0182352 0.827233 117.292
0.822174 0.0372084 -0.568019 -101.747 -0.0184149 0.999078 0.0387907 -0.322509 0.568938 -0.0214327 0.822101 117.557
0.815924 0.0350882 -0.577093 -101.932 -0.0147428 0.999095 0.0399024 -0.321795 0.577971 -0.0240494 0.815703 117.805
0.807508 0.0336334 -0.588896 -102.097 -0.011537 0.999083 0.0412405 -0.321434 0.589743 -0.0265079 0.807156 118.018
0.797446 0.0340679 -0.602428 -102.275 -0.0106684 0.999045 0.0423749 -0.320702 0.603296 -0.0273648 0.797048 118.223
0.786181 0.0355808 -0.616972 -102.442 -0.0120598 0.999034 0.0422472 -0.318649 0.617879 -0.0257734 0.785851 118.405
0.772845 0.0347092 -0.633645 -102.622 -0.011817 0.999117 0.0403156 -0.321101 0.634485 -0.0236699 0.772573 118.585
0.758764 0.0324436 -0.650557 -102.785 -0.0124655 0.999299 0.0352966 -0.321603 0.651246 -0.0186723 0.758637 118.74
0.743987 0.0289301 -0.667568 -102.926 -0.0118173 0.999476 0.0301438 -0.322364 0.66809 -0.0145377 0.743938 118.866
0.728847 0.0295241 -0.68404 -103.104 -0.0157004 0.999528 0.0264121 -0.31908 0.684497 -0.00851067 0.728966 119.006
0.713376 0.0333101 -0.69999 -103.263 -0.0227627 0.999444 0.0243621 -0.313602 0.700412 -0.00144575 0.713737 119.121
0.69712 0.035434 -0.716079 -103.427 -0.0255771 0.999371 0.0245524 -0.304698 0.716498 0.0011993 0.697588 119.245
0.678186 0.0343398 -0.734087 -103.605 -0.0221156 0.999409 0.0263197 -0.303613 0.734557 -0.00161488 0.678545 119.378
0.659385 0.033463 -0.75106 -103.774 -0.0189867 0.999432 0.0278598 -0.298472 0.751566 -0.00411016 0.659646 119.501
0.637983 0.0351897 -0.769246 -103.951 -0.0181516 0.999365 0.0306624 -0.297482 0.769836 -0.00559909 0.638217 119.608
0.615057 0.0399065 -0.787472 -104.141 -0.0215182 0.999196 0.0338292 -0.288117 0.788189 -0.00386192 0.615422 119.718
0.590377 0.0443723 -0.805907 -104.345 -0.0233933 0.999009 0.0378672 -0.283655 0.806789 -0.00350313 0.59083 119.819
0.566149 0.0476941 -0.822922 -104.535 -0.0243937 0.998857 0.0411086 -0.279388 0.823942 -0.0031995 0.566665 119.915
0.541061 0.0510585 -0.839432 -104.73 -0.0271919 0.998696 0.043219 -0.277649 0.840544 -0.000558316 0.541744 119.995
0.514641 0.0555468 -0.855605 -104.933 -0.0307788 0.998453 0.0463074 -0.271998 0.856853 0.0025028 0.515555 120.072
0.487794 0.0589611 -0.870965 -105.133 -0.0324966 0.998251 0.0493778 -0.269175 0.872354 0.00421728 0.488857 120.146
0.458987 0.0588739 -0.88649 -105.329 -0.0308623 0.998256 0.0503173 -0.270902 0.887907 0.00426417 0.460004 120.22
0.427144 0.0563014 -0.902429 -105.549 -0.029907 0.998393 0.0481326 -0.269043 0.903689 0.00642937 0.428142 120.282
0.393923 0.0521807 -0.917661 -105.786 -0.0288391 0.998597 0.0444033 -0.261326 0.918691 0.008973 0.394875 120.352
0.355397 0.0500166 -0.933376 -106.039 -0.0278376 0.998691 0.042917 -0.253763 0.934301 0.0107304 0.356324 120.399
0.315128 0.0490512 -0.947781 -106.312 -0.0259939 0.998735 0.0430455 -0.242448 0.948693 0.0110717 0.316004 120.456
0.272168 0.0475392 -0.961075 -106.612 -0.0241033 0.998802 0.0425796 -0.230027 0.961948 0.0115763 0.272988 120.499
0.22564 0.044938 -0.973174 -106.911 -0.0221315 0.998914 0.0409952 -0.21772 0.973959 0.0122877 0.226389 120.523
0.177403 0.042952 -0.983201 -107.24 -0.0202635 0.998995 0.0399857 -0.204866 0.98393 0.0128295 0.178095 120.541
0.12747 0.0427584 -0.99092 -107.583 -0.0183937 0.999 0.040741 -0.189881 0.991672 0.0130334 0.128129 120.537
0.075931 0.0439022 -0.996146 -107.925 -0.0160106 0.998955 0.0428056 -0.17574 0.996985 0.0126986 0.0765546 120.519
0.0233292 0.0464299 -0.998649 -108.296 -0.011566 0.998867 0.0461698 -0.162749 0.999661 0.0104733 0.0238397 120.488
-0.0298729 0.0488003 -0.998362 -108.657 -0.00640644 0.998778 0.0490124 -0.153696 0.999533 0.00786009 -0.0295238 120.436
-0.0831762 0.0503808 -0.995261 -109.053 -0.000979383 0.998717 0.0506376 -0.13909 0.996534 0.00518658 -0.0830201 120.36
-0.136369 0.0524236 -0.98927 -109.442 0.00360213 0.998619 0.0524225 -0.127696 0.990652 0.00358533 -0.13637 120.27
-0.187077 0.0539334 -0.980864 -109.829 0.00723013 0.99854 0.0535263 -0.110951 0.982319 0.00292176 -0.187194 120.149
-0.237204 0.0552159 -0.969889 -110.263 0.0115211 0.998473 0.0540255 -0.0921987 0.971392 0.00164087 -0.237478 120.005
-0.285731 0.0569299 -0.956617 -110.683 0.0177958 0.998377 0.0540997 -0.0758309 0.958145 -0.00156585 -0.28628 119.845
-0.332446 0.0584512 -0.941309 -111.105 0.0238116 0.99828 0.0535792 -0.0606785 0.942822 -0.00460187 -0.333266 119.663
-0.377454 0.0603249 -0.924061 -111.561 0.0297128 0.998151 0.0530248 -0.0429593 0.925552 -0.00744202 -0.378548 119.443
-0.419886 0.0616519 -0.90548 -112.002 0.0342056 0.998056 0.0520934 -0.0220363 0.906932 -0.00909922 -0.421179 119.21
-0.458054 0.0627677 -0.886705 -112.456 0.0376052 0.997979 0.0512184 -0.00294732 0.888128 -0.00988393 -0.459489 118.939
-0.492606 0.0630021 -0.867969 -112.919 0.0393418 0.997969 0.0501102 0.0181975 0.869363 -0.00946287 -0.494084 118.642
-0.52162 0.0628665 -0.850859 -113.387 0.0399004 0.997988 0.0492763 0.0376372 0.852244 -0.00824607 -0.523079 118.322
-0.544376 0.0614075 -0.836591 -113.857 0.039121 0.99809 0.0478056 0.0591099 0.837928 -0.00670405 -0.545739 117.99
