1 9.31323e-10 -3.63798e-12 0 -9.31323e-10 1 -4.65661e-10 7.45058e-09 -1.81899e-11 -9.31323e-10 1 0
1 -0.000453822 0.000674065 0.0084813 0.000453567 1 0.000377758 -0.0164694 -0.000674236 -0.000377453 1 0.181991
1 -4.70337e-05 0.000871793 0.00573561 4.63715e-05 1 0.000757094 -0.0213253 -0.000871828 -0.000757054 0.999999 0.332098
0.999998 -0.00084435 0.00174223 0.0108455 0.000844197 1 8.77739e-05 -0.0304841 -0.0017423 -8.63043e-05 0.999999 0.468705
0.999997 -0.000208649 0.0025434 0.00953516 0.000208603 1 1.80556e-05 -0.0334504 -0.00254341 -1.75256e-05 0.999997 0.606294
0.999997 -0.000846755 0.00233871 0.00927551 0.000845839 1 0.00039257 -0.0392225 -0.00233904 -0.000390592 0.999997 0.729118
0.999996 -0.000540071 0.00274104 0.0101952 0.000539658 1 0.00015072 -0.042988 -0.00274112 -0.000149242 0.999996 0.878122
0.999993 -0.000948093 0.00362587 0.013966 0.000948649 1 -0.000151606 -0.0487983 -0.00362572 0.000155045 0.999994 0.997453
0.999996 -0.00049753 0.00288971 0.0126761 0.000496962 1 0.00019708 -0.0527424 -0.0028898 -0.000195644 0.999996 1.14384
0.999996 -0.000572364 0.00283585 0.00912047 0.000572308 1 1.99578e-05 -0.0560638 -0.00283586 -1.83359e-05 0.999996 1.29476
0.999997 0.000683019 0.00241693 0.00759435 -0.000683903 1 0.000364903 -0.0636972 -0.00241668 -0.000366556 0.999997 1.47532
0.999997 0.000533212 0.00254184 0.021592 -0.000534522 1 0.00051449 -0.0663477 -0.00254156 -0.000515848 0.999997 1.57184
0.999996 -0.000539034 0.00299546 0.0173359 0.000537079 1 0.000652729 -0.0696326 -0.00299581 -0.000651118 0.999995 1.66693
0.999998 0.000189386 0.00206178 0.0228205 -0.000190399 1 0.000490678 -0.0731933 -0.00206168 -0.00049107 0.999998 1.76897
0.999998 -0.000182603 0.00229312 0.0216253 0.000182504 1 4.31868e-05 -0.0764873 -0.00229313 -4.27677e-05 0.999997 1.85425
0.999997 0.000205377 0.00247271 0.0220692 -0.000205526 1 6.0488e-05 -0.0801367 -0.0024727 -6.09965e-05 0.999997 2.00702
0.999998 0.00086596 0.00163161 0.0171232 -0.000866179 1 0.000134017 -0.0816412 -0.0016315 -0.000135431 0.999999 2.10246
0.999999 0.00104338 0.00103201 0.0111566 -0.00104361 0.999999 0.00021823 -0.0838003 -0.00103178 -0.000219308 1 2.18899
0.999999 0.000237767 0.00138973 0.0233819 -0.000238615 1 0.000610237 -0.0862968 -0.00138959 -0.000610569 0.999999 2.24764
0.999998 0.000839149 0.00196564 0.0244764 -0.000839448 1 0.000150745 -0.089405 -0.00196551 -0.000152395 0.999998 2.32311
0.999999 0.000830369 0.00087353 0.0177069 -0.000830484 1 0.000129545 -0.0917913 -0.000873422 -0.000130272 1 2.42704
0.999998 0.000883718 0.00184233 0.0296078 -0.000883802 1 4.51631e-05 -0.0945801 -0.00184229 -4.6791e-05 0.999998 2.52217
0.999998 0.000292162 0.00221526 0.0253838 -0.00029151 1 -0.000294692 -0.0977319 -0.00221534 0.000294045 0.999998 2.61837
0.999998 0.000667981 0.00186179 0.0294508 -0.000667572 1 -0.000220614 -0.101598 -0.00186193 0.000219371 0.999998 2.66097
0.999997 0.000893241 0.00243011 0.0286127 -0.000892997 1 -0.000101855 -0.102311 -0.0024302 9.96836e-05 0.999997 2.70702
0.999996 0.00109067 0.00264024 0.0311905 -0.00109155 0.999999 0.000333269 -0.1031 -0.00263988 -0.000336151 0.999997 2.76321
0.999997 0.00132526 0.00200174 0.0297665 -0.00132648 0.999999 0.000605134 -0.103731 -0.00200093 -0.000607788 0.999998 2.77955
0.999994 0.00189071 0.00297981 0.0310827 -0.00189084 0.999998 4.05703e-05 -0.103636 -0.00297973 -4.62062e-05 0.999996 2.77161
0.999996 0.00161053 0.00242794 0.0318023 -0.00161239 0.999999 0.000765956 -0.10615 -0.0024267 -0.000769868 0.999997 2.84573
0.999995 0.00133864 0.00280061 0.0367047 -0.00134068 0.999999 0.000725262 -0.107238 -0.00279964 -0.000729012 0.999996 2.91502
0.999992 0.00141776 0.00362615 0.0367237 -0.00141982 0.999999 0.000565558 -0.110422 -0.00362535 -0.000570704 0.999993 2.95905
0.999994 0.00032264 0.00358292 0.036477 -0.000324629 1 0.000554286 -0.110637 -0.00358274 -0.000555447 0.999994 2.99387
0.999989 0.00115106 0.00447879 0.0309516 -0.0011541 0.999999 0.000674954 -0.110759 -0.00447801 -0.000680117 0.99999 3.00237
0.999992 0.00133504 0.00371806 0.0312108 -0.00133652 0.999999 0.000398188 -0.111994 -0.00371753 -0.000403155 0.999993 3.04605
0.99999 0.00179369 0.00402345 0.0350799 -0.00179127 0.999998 -0.000604687 -0.113542 -0.00402453 0.000597472 0.999992 3.1074
0.999992 0.00203765 0.00359787 0.0300031 -0.00203151 0.999997 -0.00170994 -0.114134 -0.00360134 0.00170262 0.999992 3.14124
0.999991 0.000876932 0.00421563 0.0358444 -0.00086813 0.999997 -0.00208928 -0.1145 -0.00421745 0.0020856 0.999989 3.11492
0.999993 0.00181756 0.00336414 0.0310744 -0.00180973 0.999996 -0.0023306 -0.114321 -0.00336836 0.00232449 0.999992 3.15541
0.999991 0.00139806 0.00394147 0.0338696 -0.00138742 0.999995 -0.00269838 -0.115349 -0.00394522 0.00269288 0.999989 3.23192
0.999992 0.00176732 0.00347235 0.0335192 -0.00175731 0.999994 -0.00288464 -0.117283 -0.00347743 0.00287852 0.99999 3.3273
0.999995 0.000973577 0.00310246 0.0318561 -0.000963335 0.999994 -0.00330106 -0.1203 -0.00310565 0.00329805 0.99999 3.42036
0.999998 0.000666128 0.00207013 0.0356812 -0.000658914 0.999994 -0.0034836 -0.122849 -0.00207244 0.00348223 0.999992 3.52766
0.999999 0.00142763 0.000972465 0.0312383 -0.0014241 0.999992 -0.003619 -0.124984 -0.000977624 0.00361761 0.999993 3.65817
0.999999 0.00159189 0.000475167 0.0323427 -0.00158993 0.99999 -0.00411363 -0.128322 -0.000481711 0.00411287 0.999991 3.80822
0.999998 0.00195614 0.00015492 0.0387746 -0.00195546 0.999989 -0.00426812 -0.12869 -0.000163267 0.0042678 0.999991 3.88505
0.999999 0.00152338 -0.000723504 0.0327219 -0.00152697 0.999987 -0.00498386 -0.129196 0.000715902 0.00498496 0.999987 3.93194
0.999997 0.00179012 -0.00144965 0.0302912 -0.00179815 0.999983 -0.0055572 -0.132461 0.00143968 0.00555979 0.999984 4.05046
0.999995 0.00212071 -0.00224338 0.0311457 -0.00213306 0.999983 -0.00551603 -0.136498 0.00223164 0.00552079 0.999982 4.24162
0.999996 0.0013179 -0.00244771 0.0312626 -0.00133153 0.999984 -0.00557762 -0.138315 0.00244031 0.00558085 0.999982 4.44237
0.999996 0.00153377 -0.00226638 0.0243814 -0.00154701 0.999982 -0.00585055 -0.146406 0.00225737 0.00585403 0.99998 4.71532
0.999998 0.00127224 -0.00172865 0.0202696 -0.00128259 0.999981 -0.00599946 -0.150064 0.00172099 0.00600166 0.999981 4.95282
0.999996 0.00204103 -0.00207786 0.0162838 -0.00205338 0.99998 -0.0059597 -0.152281 0.00206565 0.00596394 0.99998 5.14871
0.999995 0.00236062 -0.00188684 0.0157471 -0.00237232 0.999978 -0.00622205 -0.158838 0.00187211 0.0062265 0.999979 5.3757
0.999997 0.00194617 -0.0018217 0.0161473 -0.00195871 0.999974 -0.00690882 -0.164918 0.00180821 0.00691237 0.999975 5.68576
0.999997 0.00220542 -0.00141512 0.01021 -0.00221527 0.999973 -0.00699618 -0.17145 0.00139965 0.00699929 0.999975 6.03053
0.999998 0.00127991 -0.00186382 0.00701211 -0.00129279 0.999975 -0.00692324 -0.178036 0.00185491 0.00692563 0.999974 6.27143
0.999996 0.00238422 -0.00182976 0.00239507 -0.00239774 0.99997 -0.00741943 -0.183192 0.00181202 0.00742379 0.999971 6.59633
0.999994 0.00294413 -0.00186292 -0.00239334 -0.00295847 0.999966 -0.00774045 -0.188319 0.00184006 0.00774592 0.999968 6.8999
0.999997 0.00219355 -0.00151448 -0.00111551 -0.00220589 0.999964 -0.00819534 -0.196864 0.00149645 0.00819865 0.999965 7.23332
0.999996 0.00246231 -0.00149064 -0.00970463 -0.00247421 0.999965 -0.00803291 -0.204169 0.00147081 0.00803656 0.999967 7.57236
0.999998 0.00161611 -0.00132112 -0.00910461 -0.0016256 0.999973 -0.00720798 -0.212153 0.00130944 0.00721011 0.999973 7.93263
0.999997 0.00226439 -0.00123832 -0.014215 -0.00227339 0.999971 -0.00731438 -0.219719 0.00122172 0.00731718 0.999973 8.33476
0.999997 0.00260077 -0.000558917 -0.0224817 -0.00260472 0.999971 -0.0071797 -0.228877 0.000540228 0.00718113 0.999974 8.75662
0.999995 0.00301616 -0.000680191 -0.0363487 -0.00302008 0.999978 -0.00584079 -0.237215 0.000662559 0.00584282 0.999983 9.19271
0.999998 0.00200571 -0.000352659 -0.0321729 -0.00200704 0.999991 -0.00382262 -0.246246 0.000344989 0.00382332 0.999993 9.5854
0.999998 0.00177656 -0.000427438 -0.0359109 -0.00177719 0.999997 -0.00149617 -0.255075 0.000424779 0.00149692 0.999999 10.0034
0.999998 0.00144119 -0.00117989 -0.0443003 -0.00144067 0.999999 0.000442607 -0.265261 0.00118053 -0.000440907 0.999999 10.4415
0.999998 0.00182351 -0.00126686 -0.0526187 -0.00182191 0.999998 0.00126471 -0.273209 0.00126917 -0.0012624 0.999999 10.9273
0.999999 0.00139657 -0.000925831 -0.050699 -0.00139496 0.999998 0.0017373 -0.277685 0.000928255 -0.00173601 0.999998 11.1978
0.999996 0.00201651 -0.00192479 -0.0589046 -0.00201328 0.999997 0.00168117 -0.283278 0.00192817 -0.00167729 0.999997 11.568
0.999998 0.00120407 -0.00161144 -0.066723 -0.00120092 0.999997 0.00195485 -0.29036 0.00161379 -0.00195291 0.999997 11.9986
0.999996 0.00177766 -0.00228273 -0.0703032 -0.0017732 0.999997 0.0019556 -0.296821 0.00228619 -0.00195154 0.999996 12.3498
0.999999 0.00113209 -0.000996803 -0.0717597 -0.00113005 0.999997 0.00204145 -0.303003 0.000999111 -0.00204032 0.999998 12.7523
0.999995 0.00235072 -0.00239531 -0.0834544 -0.0023444 0.999994 0.00263933 -0.307959 0.0024015 -0.0026337 0.999994 13.2085
0.999995 0.00151015 -0.00274789 -0.0904483 -0.00150341 0.999996 0.00245115 -0.316257 0.00275158 -0.00244701 0.999993 13.6228
0.999994 0.00189391 -0.00290981 -0.0937144 -0.0018869 0.999995 0.00240934 -0.324527 0.00291436 -0.00240384 0.999993 14.0249
0.999994 0.00193971 -0.00299516 -0.102482 -0.00193148 0.999994 0.00274864 -0.325962 0.00300047 -0.00274284 0.999992 14.3901
0.999992 0.00223531 -0.00330847 -0.106337 -0.00222636 0.999994 0.00270547 -0.335392 0.0033145 -0.00269809 0.999991 14.7911
0.999994 0.00208286 -0.00273192 -0.110204 -0.00207558 0.999994 0.00266167 -0.342445 0.00273745 -0.00265599 0.999993 15.2251
0.99999 0.00255227 -0.00363472 -0.114804 -0.00254184 0.999993 0.00287111 -0.349561 0.00364202 -0.00286184 0.999989 15.6394
0.999991 0.00218969 -0.0037912 -0.118043 -0.00217861 0.999993 0.00292539 -0.357571 0.00379758 -0.00291711 0.999989 16.0456
0.999992 0.00169307 -0.00364714 -0.121345 -0.00168535 0.999996 0.00211826 -0.364371 0.00365071 -0.0021121 0.999991 16.4265
0.999989 0.00220516 -0.00415818 -0.131485 -0.00219905 0.999997 0.00147153 -0.370059 0.00416141 -0.00146237 0.99999 16.8136
0.999989 0.00149782 -0.00446904 -0.130072 -0.00149169 0.999998 0.00137596 -0.376808 0.00447109 -0.00136928 0.999989 17.2146
0.999988 0.00183984 -0.00456306 -0.130032 -0.00183749 0.999998 0.000519107 -0.384573 0.00456401 -0.000510717 0.99999 17.5643
0.999987 0.0019921 -0.00477848 -0.138779 -0.00199071 0.999998 0.000295736 -0.39161 0.00477906 -0.00028622 0.999989 17.9339
0.999985 0.00252241 -0.00494402 -0.139696 -0.00252083 0.999997 0.000325143 -0.400556 0.00494483 -0.000312675 0.999988 18.377
0.999985 0.00249965 -0.0049464 -0.142488 -0.00249707 0.999997 0.000527561 -0.407102 0.0049477 -0.000515203 0.999988 18.7414
0.999987 0.00191342 -0.00464587 -0.149135 -0.00191379 0.999998 -7.55615e-05 -0.416559 0.00464571 8.44505e-05 0.999989 19.1173
0.999989 0.00218112 -0.00408053 -0.152536 -0.00218147 0.999998 -8.33566e-05 -0.424674 0.00408034 9.22563e-05 0.999992 19.5275
0.999989 0.00174715 -0.00430995 -0.160063 -0.00174851 0.999999 -0.00030985 -0.431242 0.0043094 0.000317383 0.999991 19.8859
0.999988 0.00222099 -0.00431287 -0.162535 -0.00222287 0.999997 -0.000431706 -0.439311 0.0043119 0.000441287 0.999991 20.2805
0.999989 0.00212896 -0.00414953 -0.164234 -0.00212977 0.999998 -0.000192192 -0.449222 0.00414911 0.000201028 0.999991 20.7066
0.999991 0.00257197 -0.00351981 -0.168354 -0.00257169 0.999997 8.49506e-05 -0.455391 0.00352002 -7.58986e-05 0.999994 21.0841
0.999987 0.0025543 -0.00439721 -0.167585 -0.00255229 0.999997 0.000462373 -0.463325 0.00439838 -0.000451145 0.99999 21.4776
0.999989 0.00261105 -0.00394197 -0.17628 -0.00261085 0.999997 5.745e-05 -0.473196 0.0039421 -4.71575e-05 0.999992 21.8229
0.999994 0.00194599 -0.00292075 -0.17858 -0.00194636 0.999998 -0.000124224 -0.480853 0.00292051 0.000129906 0.999996 22.1855
0.999991 0.00231463 -0.0036289 -0.184289 -0.00231381 0.999997 0.000229388 -0.487556 0.00362942 -0.00022099 0.999993 22.5269
0.99999 0.0025594 -0.00367025 -0.196946 -0.00256062 0.999997 -0.000327764 -0.49573 0.0036694 0.000337158 0.999993 22.9071
0.99999 0.00265763 -0.00350577 -0.197954 -0.00265772 0.999997 -1.93235e-05 -0.501198 0.00350571 2.864e-05 0.999994 23.2752
0.999992 0.00267293 -0.00310999 -0.199601 -0.00267197 0.999996 0.000312589 -0.507809 0.00311081 -0.000304277 0.999995 23.6401
0.999991 0.00205255 -0.0036481 -0.199043 -0.00205076 0.999998 0.000495202 -0.514845 0.00364911 -0.000487716 0.999993 23.9636
0.999993 0.00107176 -0.00371403 -0.209719 -0.00106934 0.999999 0.000653802 -0.523317 0.00371473 -0.000649826 0.999993 24.3255
0.999991 0.00142361 -0.00391855 -0.203787 -0.00141916 0.999998 0.00113989 -0.529334 0.00392017 -0.00113432 0.999992 24.6076
0.999991 0.00126238 -0.00412814 -0.213178 -0.0012568 0.999998 0.0013531 -0.534288 0.00412984 -0.0013479 0.999991 24.9595
0.999986 0.00200277 -0.00481405 -0.216637 -0.00199638 0.999997 0.00133011 -0.540832 0.0048167 -0.00132049 0.999988 25.2623
0.999989 0.00137862 -0.00443088 -0.21795 -0.00137348 0.999998 0.00116203 -0.546715 0.00443247 -0.00115594 0.99999 25.5578
0.99999 0.000952011 -0.00446415 -0.228391 -0.000944235 0.999998 0.00174339 -0.553625 0.0044658 -0.00173916 0.999989 25.8986
0.999979 0.00125165 -0.00644356 -0.215344 -0.00123851 0.999997 0.00204296 -0.559042 0.0064461 -0.00203494 0.999977 26.1998
0.999972 0.00172564 -0.00722193 -0.220514 -0.00171084 0.999997 0.002054 -0.566864 0.00722545 -0.00204159 0.999972 26.5373
0.999972 0.000843403 -0.00744229 -0.235773 -0.000830449 0.999998 0.00174382 -0.570832 0.00744374 -0.00173759 0.999971 26.8348
0.999965 0.00107906 -0.00830966 -0.243374 -0.00106339 0.999998 0.00189103 -0.578923 0.00831168 -0.00188213 0.999964 27.2337
0.999961 0.00128422 -0.00872868 -0.249206 -0.00126472 0.999997 0.00223968 -0.583035 0.00873153 -0.00222855 0.999959 27.5279
0.999953 0.00154748 -0.00961555 -0.251838 -0.00152183 0.999995 0.00267471 -0.587594 0.00961964 -0.00265995 0.99995 27.78
0.999949 0.000708163 -0.0101369 -0.255157 -0.000684288 0.999997 0.0023586 -0.592894 0.0101385 -0.00235154 0.999946 28.0036
0.999937 0.000925613 -0.0111746 -0.264381 -0.000904012 0.999998 0.00193777 -0.601368 0.0111764 -0.00192754 0.999936 28.3748
0.999925 0.00123867 -0.0121907 -0.279374 -0.00121199 0.999997 0.00219521 -0.605937 0.0121933 -0.00218027 0.999923 28.7055
0.999909 0.00143697 -0.0133933 -0.275487 -0.00140661 0.999996 0.00227599 -0.611083 0.0133966 -0.00225695 0.999908 29.0066
0.999906 0.000965001 -0.0137046 -0.272162 -0.000939916 0.999998 0.0018367 -0.615756 0.0137063 -0.00182364 0.999905 29.1831
0.999894 0.001338 -0.014529 -0.285229 -0.00130845 0.999997 0.00204347 -0.619241 0.0145317 -0.00202424 0.999892 29.5089
0.999877 0.00165675 -0.0156103 -0.297029 -0.00162388 0.999997 0.00211858 -0.625348 0.0156137 -0.00209297 0.999876 29.7942
0.999875 0.00152783 -0.0157556 -0.303974 -0.00149777 0.999997 0.00191951 -0.630529 0.0157585 -0.00189567 0.999874 30.0741
0.999875 0.0016627 -0.0157162 -0.308563 -0.00162968 0.999996 0.00211379 -0.63755 0.0157197 -0.00208792 0.999874 30.4134
0.999863 0.00217761 -0.0164334 -0.316657 -0.00213782 0.999995 0.00243847 -0.641603 0.0164386 -0.002403 0.999862 30.5913
0.999865 0.00233263 -0.016242 -0.324493 -0.0022855 0.999993 0.00291968 -0.64433 0.0162487 -0.00288217 0.999864 30.8092
0.99985 0.00310679 -0.0170183 -0.339414 -0.00305672 0.999991 0.0029671 -0.6485 0.0170273 -0.00291464 0.999851 31.0715
0.999858 0.00331342 -0.0165563 -0.349303 -0.0032758 0.999992 0.00229868 -0.65352 0.0165638 -0.00224412 0.99986 31.2911
0.999867 0.00277806 -0.0161022 -0.35181 -0.00273818 0.999993 0.00249828 -0.65737 0.016109 -0.00245386 0.999867 31.5036
0.999867 0.00284485 -0.0160353 -0.36104 -0.00280043 0.999992 0.00279222 -0.6605 0.0160431 -0.00274694 0.999868 31.6843
0.999864 0.0027912 -0.0162705 -0.364811 -0.00274718 0.999993 0.00272766 -0.664964 0.016278 -0.00268259 0.999864 31.9468
0.999883 0.00397706 -0.0147831 -0.379871 -0.00394377 0.99999 0.00228006 -0.666848 0.014792 -0.00222149 0.999888 32.0939
0.999878 0.00312652 -0.0153196 -0.37488 -0.0030974 0.999993 0.00192429 -0.671928 0.0153256 -0.0018766 0.999881 32.3091
0.99989 0.00263286 -0.0146213 -0.385749 -0.00260242 0.999994 0.00210046 -0.677349 0.0146267 -0.00206217 0.999891 32.5812
0.999884 0.00356312 -0.014804 -0.387799 -0.00353087 0.999991 0.00220436 -0.680113 0.0148117 -0.00215184 0.999888 32.7553
0.999901 0.00322548 -0.0137183 -0.389089 -0.00319226 0.999992 0.00244255 -0.685241 0.0137261 -0.00239851 0.999903 32.8638
0.999889 0.00412176 -0.0143177 -0.403348 -0.00408071 0.999987 0.00289532 -0.68809 0.0143295 -0.00283657 0.999893 33.1067
0.999876 0.00401305 -0.0151988 -0.395481 -0.00397497 0.999989 0.00253451 -0.691184 0.0152088 -0.00247378 0.999881 33.3216
0.999876 0.00411223 -0.0152008 -0.393166 -0.00407804 0.999989 0.00227969 -0.694152 0.0152101 -0.00221742 0.999882 33.4506
0.999874 0.00359911 -0.015455 -0.40689 -0.00356976 0.999992 0.00192611 -0.70019 0.0154618 -0.0018707 0.999879 33.6167
0.999871 0.00469596 -0.015357 -0.404542 -0.00466109 0.999986 0.0023057 -0.701771 0.0153676 -0.00223383 0.999879 33.7961
0.999862 0.00401026 -0.0161447 -0.404786 -0.00397383 0.99999 0.00228827 -0.704948 0.0161537 -0.0022238 0.999867 33.9577
0.999863 0.00402275 -0.0160476 -0.420274 -0.00399306 0.99999 0.00188156 -0.707173 0.016055 -0.00181722 0.999869 34.0854
0.999853 0.0038318 -0.016713 -0.415577 -0.00380159 0.999991 0.00183909 -0.711414 0.0167199 -0.00177529 0.999859 34.2335
0.999843 0.00433365 -0.0171777 -0.417604 -0.00430775 0.99999 0.00154463 -0.71173 0.0171842 -0.00147039 0.999851 34.3506
0.999828 0.00496818 -0.0178817 -0.414053 -0.00494711 0.999987 0.00122233 -0.714467 0.0178875 -0.00113365 0.999839 34.5036
0.999853 0.00406604 -0.0166448 -0.429523 -0.00405058 0.999991 0.000962724 -0.71838 0.0166486 -0.000895162 0.999861 34.6177
0.999857 0.00324245 -0.016624 -0.428166 -0.00322955 0.999995 0.000802406 -0.721002 0.0166265 -0.000748604 0.999862 34.7666
0.999845 0.00461373 -0.0169999 -0.435859 -0.0046054 0.999989 0.000529248 -0.721851 0.0170022 -0.000450876 0.999855 34.9204
0.999865 0.00410812 -0.0159214 -0.446442 -0.00410364 0.999992 0.000313754 -0.724478 0.0159226 -0.000248376 0.999873 35.0515
0.999855 0.003559 -0.0166683 -0.442497 -0.00355729 0.999994 0.000132211 -0.72591 0.0166686 -7.28993e-05 0.999861 35.1989
0.999863 0.00449512 -0.0159557 -0.457095 -0.00449762 0.99999 -0.000121071 -0.729136 0.015955 0.000192817 0.999873 35.3461
0.99988 0.00357506 -0.0150708 -0.462529 -0.00358083 0.999994 -0.000355895 -0.732583 0.0150694 0.000409818 0.999886 35.4858
0.999894 0.00322466 -0.0141962 -0.460169 -0.0032335 0.999995 -0.000599728 -0.737322 0.0141942 0.000645567 0.999899 35.6083
0.999882 0.00370321 -0.0149021 -0.47011 -0.00371914 0.999993 -0.00104099 -0.739968 0.0148981 0.00109629 0.999888 35.7393
0.9999 0.0031143 -0.0138039 -0.469495 -0.00313205 0.999994 -0.00126439 -0.741104 0.0137999 0.0013075 0.999904 35.9266
0.999901 0.00391003 -0.0135205 -0.477289 -0.00393964 0.99999 -0.00216442 -0.744572 0.0135119 0.00221748 0.999906 36.0773
0.9999 0.00281065 -0.0138583 -0.472506 -0.0028665 0.999988 -0.00401231 -0.748021 0.0138468 0.00405163 0.999896 36.2208
0.999918 0.00220547 -0.0125892 -0.466655 -0.00227329 0.999983 -0.00537513 -0.754854 0.0125771 0.00540331 0.999906 36.3666
0.999941 0.00313972 -0.0104525 -0.476075 -0.00320289 0.999977 -0.00603182 -0.76077 0.0104334 0.00606494 0.999927 36.6003
0.999959 0.0037477 -0.00821324 -0.477031 -0.00379004 0.99998 -0.00514563 -0.762992 0.00819378 0.00517655 0.999953 36.7697
0.999968 0.00491839 -0.00628565 -0.474659 -0.00494431 0.999979 -0.00411588 -0.76368 0.00626528 0.00414683 0.999972 36.9679
0.999982 0.00560931 -0.00196828 -0.472786 -0.00561771 0.999975 -0.00428639 -0.766892 0.00194418 0.00429737 0.999989 37.2078
0.999983 0.00473943 0.0034077 -0.471656 -0.00472416 0.999979 -0.00447407 -0.773787 -0.00342883 0.00445789 0.999984 37.439
0.999964 0.00315672 0.00782186 -0.456389 -0.00312717 0.999988 -0.00378613 -0.780499 -0.00783372 0.00376154 0.999962 37.6573
0.999907 0.00192817 0.0134763 -0.446517 -0.00188292 0.999993 -0.00336922 -0.786503 -0.0134827 0.00334353 0.999904 37.9398
0.999826 0.00221048 0.0185504 -0.427546 -0.00214112 0.999991 -0.00375772 -0.791497 -0.0185586 0.00371735 0.999821 38.225
0.999687 0.00325643 0.0248072 -0.426166 -0.00312376 0.999981 -0.00538492 -0.79342 -0.0248243 0.00530575 0.999678 38.6305
0.999526 0.00381722 0.030549 -0.410617 -0.00361361 0.999971 -0.00671758 -0.798487 -0.0305737 0.006604 0.999511 38.8937
0.999337 0.00300387 0.0362774 -0.380142 -0.00275146 0.999972 -0.00700561 -0.803449 -0.0362975 0.00690115 0.999317 39.1719
0.999087 0.00148939 0.0426933 -0.353118 -0.00123981 0.999982 -0.00587177 -0.809133 -0.0427013 0.00581348 0.999071 39.5214
0.998768 0.00141828 0.0496136 -0.323085 -0.00115253 0.999985 -0.00538455 -0.818562 -0.0496205 0.00532073 0.998754 39.9087
0.998493 0.00205928 0.0548428 -0.295336 -0.00175994 0.999983 -0.00550588 -0.825287 -0.0548533 0.00540106 0.99848 40.2839
0.998231 0.00208852 0.0594253 -0.258585 -0.00174983 0.999982 -0.00575086 -0.830693 -0.0594362 0.0056367 0.998216 40.6505
0.997827 0.00145345 0.0658671 -0.207004 -0.00108146 0.999983 -0.00568291 -0.840016 -0.0658742 0.00559933 0.997812 41.0824
0.997361 0.000699339 0.0725968 -0.17026 -0.000311167 0.999986 -0.00535812 -0.848246 -0.0725995 0.00532139 0.997347 41.5629
0.996893 0.00121873 0.0787624 -0.11252 -0.000824547 0.999987 -0.00503705 -0.853847 -0.0787675 0.00495646 0.996881 41.9247
0.996326 0.00113613 0.0856389 -0.0662405 -0.000691904 0.999986 -0.00521668 -0.861297 -0.0856436 0.00513825 0.996313 42.3106
0.995804 -9.45013e-06 0.091516 0.00256469 0.000495754 0.999986 -0.00529114 -0.868036 -0.0915146 0.00531431 0.99579 42.682
0.995264 0.000583957 0.0972142 0.0651091 -9.96105e-05 0.999988 -0.00498704 -0.878143 -0.0972159 0.00495373 0.995251 43.0769
0.99475 6.37919e-05 0.102332 0.122657 0.000392951 0.99999 -0.00444319 -0.887418 -0.102331 0.00446008 0.99474 43.7967
0.994137 -0.000289403 0.108132 0.199102 0.000730388 0.999992 -0.00403862 -0.899246 -0.10813 0.00409392 0.994128 44.4091
0.993575 3.38284e-05 0.113175 0.273686 0.000372224 0.999994 -0.00356672 -0.910278 -0.113174 0.00358593 0.993569 45.081
0.993005 -0.00130405 0.118063 0.358413 0.00173203 0.999992 -0.00352252 -0.921882 -0.118057 0.00370236 0.993 45.7539
0.992511 -0.00237171 0.122129 0.434633 0.00276803 0.999991 -0.00307559 -0.933477 -0.122121 0.00339061 0.992509 46.4599
0.992328 -0.00228559 0.123609 0.526547 0.00263049 0.999993 -0.00262714 -0.94413 -0.123602 0.00293213 0.992328 47.1096
0.992008 -0.00390638 0.126117 0.607597 0.00425913 0.999988 -0.00252746 -0.955212 -0.126106 0.00304441 0.992012 47.8181
0.991939 -0.00464605 0.126635 0.687446 0.00499505 0.999985 -0.00243856 -0.968029 -0.126622 0.00305145 0.991947 48.5451
0.991969 -0.00400001 0.126421 0.771004 0.00442253 0.999986 -0.00306174 -0.979491 -0.126407 0.00359625 0.991972 49.2294
0.992122 -0.0037764 0.125222 0.865695 0.00422455 0.999986 -0.0033135 -0.989228 -0.125207 0.0038164 0.992123 49.9538
0.992209 -0.00349839 0.124532 0.950057 0.00401063 0.999985 -0.00386283 -1.00297 -0.124516 0.00433219 0.992208 50.7345
0.992357 -0.00473501 0.123305 1.05197 0.00527096 0.999978 -0.00402069 -1.01473 -0.123284 0.0046399 0.992361 51.456
0.992537 -0.00478729 0.12185 1.12915 0.00528299 0.999979 -0.0037454 -1.02937 -0.121829 0.00436118 0.992541 52.2212
0.992822 -0.00448063 0.119522 1.2179 0.00497208 0.99998 -0.00381389 -1.0415 -0.119503 0.00438079 0.992824 52.974
0.993292 -0.00454882 0.115541 1.30636 0.00501393 0.99998 -0.00373518 -1.05762 -0.115521 0.00428943 0.993296 53.7866
0.993696 -0.00576304 0.111964 1.38913 0.00613213 0.999977 -0.00295237 -1.06879 -0.111945 0.00362033 0.993708 54.5397
0.994294 -0.00516389 0.106548 1.46817 0.0053778 0.999984 -0.00172047 -1.08485 -0.106538 0.00228365 0.994306 55.3557
0.994725 -0.00601514 0.102406 1.55371 0.00609849 0.999981 -0.000500943 -1.10087 -0.102401 0.00112282 0.994743 56.1288
0.995243 -0.00606353 0.0972406 1.61772 0.00604892 0.999982 0.000445026 -1.11282 -0.0972415 0.000145291 0.995261 56.8858
0.995685 -0.00678337 0.0925503 1.69495 0.0067193 0.999977 0.00100391 -1.1284 -0.092555 -0.000377709 0.995708 57.6626
0.996245 -0.00661305 0.0863245 1.7521 0.00652046 0.999978 0.00135453 -1.14294 -0.0863315 -0.000786565 0.996266 58.4713
0.996744 -0.00635432 0.0803791 1.81546 0.00623992 0.999979 0.00167435 -1.15791 -0.080388 -0.00116734 0.996763 59.2678
0.997166 -0.00585029 0.0750068 1.87364 0.00574891 0.999982 0.00156741 -1.17326 -0.0750146 -0.00113176 0.997182 60.0001
0.997625 -0.00504088 0.0686965 1.91571 0.00495906 0.999987 0.00136146 -1.18446 -0.0687024 -0.00101756 0.997637 60.7665
0.997922 -0.00533172 0.0642127 1.96681 0.00527418 0.999986 0.00106551 -1.20068 -0.0642174 -0.000724624 0.997936 61.5139
0.998239 -0.00535899 0.059079 2.0055 0.00528068 0.999985 0.00148155 -1.21326 -0.059086 -0.00116697 0.998252 62.2666
0.998559 -0.0052247 0.053415 2.04919 0.00514432 0.999986 0.0016422 -1.22769 -0.0534228 -0.00136505 0.998571 63.0192
0.998817 -0.0044899 0.0484261 2.06584 0.00438114 0.999988 0.00235177 -1.2402 -0.048436 -0.00213682 0.998824 63.7943
0.999066 -0.00421353 0.0430024 2.09421 0.00412441 0.999989 0.002161 -1.25602 -0.0430111 -0.00198162 0.999073 64.542
0.999302 -0.00448158 0.0370916 2.12182 0.00439719 0.999988 0.00235634 -1.26932 -0.0371017 -0.0021916 0.999309 65.2995
0.999455 -0.00483295 0.0326549 2.14234 0.00474814 0.999985 0.00267428 -1.28438 -0.0326673 -0.00251777 0.999463 66.0556
0.999636 -0.00421975 0.0266625 2.15745 0.0041534 0.999988 0.00254314 -1.29833 -0.0266729 -0.00243147 0.999641 66.8651
0.999738 -0.00399816 0.022555 2.17245 0.0039408 0.999989 0.00258667 -1.31182 -0.0225651 -0.00249711 0.999742 67.5765
0.99983 -0.00279868 0.0182213 2.19188 0.00274956 0.999993 0.00272049 -1.32626 -0.0182287 -0.00266992 0.99983 68.3087
0.999892 -0.00312809 0.014354 2.20286 0.0030859 0.999991 0.00296008 -1.33874 -0.0143631 -0.00291547 0.999893 69.0618
0.999924 -0.00343776 0.0118454 2.18643 0.00339067 0.999986 0.00399332 -1.34942 -0.011859 -0.00395285 0.999922 69.8021
0.999955 -0.00374826 0.00870449 2.19519 0.00371333 0.999985 0.00402523 -1.36439 -0.00871944 -0.00399272 0.999954 70.5241
0.999973 -0.00332475 0.00651363 2.20073 0.00330584 0.99999 0.00291095 -1.37816 -0.00652325 -0.00288934 0.999975 71.2569
0.999984 -0.00268365 0.00499322 2.19423 0.00267158 0.999994 0.00242154 -1.38742 -0.00499969 -0.00240816 0.999985 72.0113
0.99999 -0.00302443 0.00339603 2.19348 0.00301847 0.999994 0.00175821 -1.39947 -0.00340132 -0.00174794 0.999993 72.828
0.999994 -0.00285621 0.00219389 2.19777 0.0028519 0.999994 0.00196512 -1.41294 -0.00219949 -0.00195885 0.999996 73.5604
0.999994 -0.00320775 0.00137001 2.20128 0.00320505 0.999993 0.00196935 -1.42602 -0.00137632 -0.00196495 0.999997 74.3
0.999993 -0.00383755 -3.15496e-06 2.18976 0.00383755 0.999992 0.0012684 -1.43737 -1.71268e-06 -0.0012684 0.999999 75.0702
0.999996 -0.00286227 -0.00095176 2.18542 0.00286354 0.999995 0.00133713 -1.44564 0.000947928 -0.00133985 0.999999 75.7754
0.999992 -0.00357775 -0.0018324 2.182 0.00357974 0.999993 0.00108072 -1.45915 0.00182852 -0.00108727 0.999998 76.5638
0.99999 -0.00264254 -0.00362443 2.17212 0.00264613 0.999996 0.000985473 -1.473 0.00362181 -0.000995055 0.999993 77.3443
0.999987 -0.00241323 -0.00451619 2.16856 0.0024182 0.999997 0.00109383 -1.48333 0.00451353 -0.00110474 0.999989 78.0597
0.999981 -0.00345746 -0.00516937 2.16323 0.00346124 0.999994 0.000722323 -1.49132 0.00516684 -0.000740203 0.999986 78.7885
0.999975 -0.00181154 -0.00679064 2.14859 0.00181262 0.999998 0.000152135 -1.5047 0.00679035 -0.000164439 0.999977 79.5895
0.999966 -0.00187827 -0.00808248 2.13554 0.00187709 0.999998 -0.000153788 -1.51799 0.00808275 0.00013861 0.999967 80.4556
0.999951 -0.00195669 -0.00976159 2.11177 0.00195555 0.999998 -0.000126492 -1.53137 0.00976182 0.000107396 0.999952 81.3134
0.999935 -0.00226146 -0.0111627 2.10334 0.00226099 0.999997 -5.48991e-05 -1.54493 0.0111628 2.96566e-05 0.999938 82.1196
0.999906 -0.00277626 -0.0134553 2.0798 0.00277625 0.999996 -1.93119e-05 -1.56032 0.0134553 -1.80467e-05 0.99991 82.9573
0.999875 -0.00273213 -0.0156007 2.07761 0.00274183 0.999996 0.000599843 -1.57042 0.015599 -0.000642543 0.999878 83.7566
0.999835 -0.00366343 -0.0177668 2.05978 0.00367328 0.999993 0.000521847 -1.58403 0.0177648 -0.000587026 0.999842 84.608
0.999781 -0.00317045 -0.0206645 2.02992 0.00317236 0.999995 5.95935e-05 -1.60082 0.0206642 -0.000125136 0.999786 85.4539
0.999742 -0.00432683 -0.0222883 2.00853 0.00432356 0.999991 -0.0001946 -1.6149 0.0222889 9.81838e-05 0.999752 86.3754
0.99969 -0.00402331 -0.0245733 1.98863 0.00400593 0.999992 -0.000756098 -1.63191 0.0245761 0.000657424 0.999698 87.2478
0.999626 -0.00427692 -0.0270215 1.9627 0.00425016 0.99999 -0.0010476 -1.64448 0.0270257 0.000932363 0.999634 88.0492
0.999612 -0.00388296 -0.0275878 1.93927 0.00385626 0.999992 -0.00102114 -1.65912 0.0275916 0.000914357 0.999619 88.9249
0.999567 -0.00352533 -0.0292027 1.89735 0.00350644 0.999994 -0.000697963 -1.67302 0.029205 0.000595263 0.999573 89.8387
0.999499 -0.00383776 -0.0314099 1.85919 0.00381958 0.999993 -0.000638742 -1.69168 0.0314121 0.00051845 0.999506 90.7606
0.999442 -0.00354219 -0.0332189 1.82787 0.00355556 0.999994 0.000343324 -1.70161 0.0332174 -0.000461244 0.999448 91.6355
0.999428 -0.00339348 -0.0336458 1.79169 0.00341267 0.999994 0.000512853 -1.7182 0.0336439 -0.000627383 0.999434 92.5214
0.999327 -0.00340046 -0.0365264 1.75208 0.00343087 0.999994 0.000769831 -1.73066 0.0365236 -0.000894631 0.999332 93.4572
0.999248 -0.00386524 -0.0385827 1.70584 0.00387472 0.999993 0.0001709 -1.74968 0.0385818 -0.000320269 0.999255 94.3919
0.999146 -0.00356191 -0.0411632 1.66796 0.00356537 0.999994 1.07693e-05 -1.76237 0.0411629 -0.000157523 0.999152 95.3529
0.999098 -0.0049412 -0.042182 1.62436 0.00494339 0.999988 -5.2399e-05 -1.77847 0.0421818 -0.00015617 0.99911 96.2403
0.999008 -0.00389534 -0.0443571 1.58406 0.00392368 0.999992 0.000551857 -1.79167 0.0443546 -0.000725353 0.999016 97.1957
0.998951 -0.00559091 -0.0454541 1.54185 0.00562897 0.999984 0.000709468 -1.80363 0.0454494 -0.000964585 0.998966 98.0435
0.998925 -0.0052559 -0.0460569 1.50348 0.00529564 0.999986 0.000741086 -1.81711 0.0460524 -0.000984191 0.998939 98.9064
0.998861 -0.00562755 -0.0473859 1.44911 0.00572671 0.999982 0.00195713 -1.82864 0.047374 -0.00222627 0.998875 99.6817
0.998713 -0.00458078 -0.0505133 1.42111 0.00469889 0.999987 0.00221975 -1.8486 0.0505025 -0.00245425 0.998721 100.453
0.998812 -0.00537934 -0.0484371 1.37316 0.0055324 0.99998 0.00302656 -1.85001 0.0484198 -0.00329094 0.998822 100.995
0.998813 -0.00282767 -0.0486201 1.33859 0.00300174 0.999989 0.00350756 -1.86622 0.0486097 -0.00364935 0.998811 101.662
0.998873 -0.0030769 -0.0473709 1.29187 0.00327172 0.999987 0.00403566 -1.87565 0.0473578 -0.0041861 0.998869 102.313
0.998772 -0.00261866 -0.0494675 1.24988 0.00277468 0.999991 0.00308552 -1.88494 0.049459 -0.00321899 0.998771 103.056
0.998877 -0.00373171 -0.0472382 1.19614 0.00386202 0.999989 0.0026676 -1.89298 0.0472277 -0.00284704 0.99888 103.723
0.99893 -0.00388693 -0.0460928 1.14991 0.00400368 0.999989 0.00244088 -1.90294 0.0460828 -0.00262281 0.998934 104.426
0.998943 -0.00325493 -0.0458521 1.099 0.00335736 0.999992 0.00215725 -1.9155 0.0458447 -0.00230891 0.998946 105.176
0.998946 -0.00159573 -0.0458764 1.05867 0.00168975 0.999997 0.00201072 -1.92952 0.045873 -0.00208612 0.998945 105.826
0.998925 -0.00137799 -0.0463449 1.01693 0.00150517 0.999995 0.00270936 -1.94342 0.0463409 -0.00277621 0.998922 106.546
0.998954 -0.00205148 -0.0456851 0.981391 0.00218943 0.999993 0.00296973 -1.95326 0.0456787 -0.00306664 0.998951 107.259
0.998956 -0.00118702 -0.0456715 0.954454 0.00130819 0.999996 0.00262345 -1.96797 0.0456682 -0.00268046 0.998953 107.95
0.998972 -0.00123123 -0.0453153 0.909463 0.00139604 0.999993 0.00360545 -1.97668 0.0453105 -0.00366501 0.998966 108.671
0.998951 -0.00212536 -0.0457509 0.878583 0.00228402 0.999992 0.00341589 -1.98889 0.0457432 -0.0035168 0.998947 109.38
0.99892 -0.00125843 -0.0464553 0.839436 0.00140389 0.999994 0.00309879 -2.00258 0.0464512 -0.00316066 0.998916 110.064
0.998935 0.000979198 -0.0461392 0.80119 -0.000850229 0.999996 0.00281474 -2.01956 0.0461417 -0.00277251 0.998931 110.774
0.998996 -0.000665514 -0.0447989 0.753897 0.00077289 0.999997 0.00237961 -2.02715 0.0447972 -0.00241184 0.998993 111.5
0.998968 -0.000313414 -0.0454273 0.720645 0.000395618 0.999998 0.00180062 -2.04293 0.0454267 -0.00181673 0.998966 112.19
0.99889 -0.000491784 -0.0471057 0.676212 0.000616942 0.999996 0.00264247 -2.05314 0.0471042 -0.0026686 0.998886 112.909
0.998903 -0.0022903 -0.0467691 0.616089 0.00247021 0.99999 0.00378925 -2.05957 0.0467599 -0.00390062 0.998899 113.608
0.999006 -0.00106747 -0.0445597 0.589033 0.00122729 0.999993 0.00355939 -2.07647 0.0445556 -0.00361054 0.999 114.283
0.999021 -0.00066802 -0.0442277 0.548805 0.000791445 0.999996 0.00277325 -2.09196 0.0442257 -0.00280554 0.999018 114.987
0.99903 -0.00234095 -0.0439757 0.519765 0.00247992 0.999992 0.00310579 -2.09627 0.043968 -0.00321183 0.999028 115.685
0.998957 0.00180642 -0.0456203 0.473934 -0.00160741 0.999989 0.00439865 -2.11873 0.0456277 -0.00432073 0.998949 116.392
0.998984 -0.00193224 -0.0450208 0.436022 0.00216788 0.999984 0.00518577 -2.12276 0.0450101 -0.0052781 0.998973 117.086
0.998977 0.00223384 -0.0451792 0.395834 -0.00194167 0.999977 0.00650987 -2.13696 0.0451927 -0.00641549 0.998958 117.789
0.998976 -0.000536274 -0.0452393 0.369003 0.000909998 0.999966 0.00824087 -2.14221 0.0452333 -0.0082736 0.998942 118.494
0.99897 0.000717537 -0.0453768 0.325174 -0.000314466 0.999961 0.00888929 -2.15316 0.0453814 -0.00886586 0.99893 119.17
0.999049 -0.000695779 -0.0436091 0.277399 0.00106386 0.999964 0.00841786 -2.16027 0.0436017 -0.00845624 0.999013 119.845
0.999048 0.00131159 -0.043605 0.25348 -0.000981472 0.999971 0.00759115 -2.17269 0.0436137 -0.00754113 0.99902 120.529
0.998992 -0.000493927 -0.044881 0.217568 0.000798377 0.999977 0.00676584 -2.17674 0.0448766 -0.00679485 0.998969 121.192
0.998997 -0.00154447 -0.0447494 0.182266 0.0018146 0.99998 0.00599653 -2.18636 0.0447393 -0.00607172 0.99898 121.851
0.998993 -0.00023664 -0.0448614 0.153632 0.0004744 0.999986 0.00528926 -2.1992 0.0448595 -0.00530522 0.998979 122.506
0.998962 -0.00275573 -0.0454804 0.1178 0.00297512 0.999984 0.00475702 -2.2072 0.0454666 -0.00488739 0.998954 123.183
0.998888 -0.00201318 -0.0470984 0.0849745 0.00220571 0.999989 0.00403632 -2.22018 0.0470897 -0.00413572 0.998882 123.84
0.99881 -0.00343449 -0.0486601 0.0591235 0.00366412 0.999983 0.00463065 -2.22706 0.0486433 -0.00480343 0.998805 124.483
0.998813 -0.00107043 -0.0487012 0.0200061 0.00136087 0.999982 0.0059309 -2.24579 0.048694 -0.00599014 0.998796 125.116
0.998765 -0.00190061 -0.0496472 -0.0202687 0.00226201 0.999971 0.0072242 -2.25137 0.049632 -0.00732759 0.998741 125.776
0.998697 -0.000638319 -0.0510244 -0.0516971 0.00105044 0.999967 0.00805059 -2.26475 0.0510176 -0.00809371 0.998665 126.427
0.99869 -0.00279607 -0.0510929 -0.0907232 0.00323737 0.999958 0.00855656 -2.26748 0.0510668 -0.00871076 0.998657 127.03
0.998679 -7.1635e-05 -0.05138 -0.133241 0.000540822 0.999958 0.00911785 -2.28397 0.0513772 -0.0091336 0.998638 127.656
0.998705 0.00133365 -0.05086 -0.173561 -0.000892886 0.999962 0.0086879 -2.29257 0.0508697 -0.00863123 0.998668 128.26
0.998676 0.000812301 -0.0514413 -0.210865 -0.000402128 0.999968 0.00798347 -2.30048 0.0514461 -0.00795222 0.998644 128.911
0.998635 0.00187438 -0.0522007 -0.246124 -0.00145907 0.999967 0.00799314 -2.3062 0.052214 -0.00790607 0.998605 129.517
0.99863 -0.000710954 -0.0523172 -0.289703 0.0011716 0.999961 0.00877478 -2.31019 0.0523089 -0.00882406 0.998592 130.179
0.998642 -0.00247551 -0.0520417 -0.324681 0.00297936 0.999949 0.00960625 -2.31494 0.0520153 -0.00974825 0.998599 130.779
0.998592 0.000519727 -0.0530463 -0.349609 2.77255e-06 0.999952 0.00984938 -2.32682 0.0530488 -0.00983565 0.998544 131.404
0.998666 -0.00237457 -0.0515813 -0.383628 0.00289603 0.999946 0.010037 -2.32986 0.0515547 -0.010173 0.998618 132.023
0.998545 -0.00193054 -0.0538944 -0.424153 0.00245476 0.99995 0.00966225 -2.34048 0.0538731 -0.00978049 0.9985 132.716
0.998629 -0.00117729 -0.0523298 -0.456959 0.00171079 0.999947 0.0101513 -2.3493 0.052315 -0.010227 0.998578 133.324
0.998638 -0.000874193 -0.0521724 -0.490543 0.00146041 0.999936 0.011199 -2.35296 0.0521592 -0.01126 0.998575 133.971
0.998675 -0.000398075 -0.0514673 -0.529209 0.000982756 0.999935 0.0113355 -2.36145 0.0514594 -0.011371 0.99861 134.602
0.998618 -0.0039223 -0.0524027 -0.562461 0.0045385 0.999922 0.0116452 -2.36889 0.052353 -0.0118669 0.998558 135.172
0.998683 -0.00291565 -0.0512183 -0.586674 0.00349747 0.99993 0.0112736 -2.37337 0.0511818 -0.0114379 0.998624 135.733
0.998739 -0.00347342 -0.0500819 -0.613813 0.00404782 0.999927 0.0113726 -2.3814 0.0500387 -0.0115609 0.99868 136.246
0.998723 -0.00333108 -0.0504057 -0.636106 0.00391516 0.999926 0.0114932 -2.38724 0.0503637 -0.0116758 0.998663 136.788
0.998755 -0.00431944 -0.0497103 -0.67045 0.00487859 0.999926 0.0111324 -2.39398 0.0496585 -0.0113611 0.998702 137.333
0.998709 -0.0047218 -0.0505798 -0.696981 0.00526219 0.999931 0.0105561 -2.40204 0.0505264 -0.0108086 0.998664 137.835
0.998754 -0.00499694 -0.0496551 -0.73171 0.00548146 0.999939 0.00962627 -2.40851 0.0496039 -0.00988646 0.99872 138.363
0.998772 -0.0049557 -0.0493077 -0.754358 0.00540765 0.999945 0.00903673 -2.41521 0.0492602 -0.00929226 0.998743 138.899
0.998779 -0.00552952 -0.0491035 -0.777156 0.00596292 0.999945 0.00868437 -2.42008 0.0490527 -0.00896656 0.998756 139.386
0.998793 -0.00613132 -0.0487322 -0.813046 0.00656069 0.999941 0.00865588 -2.42877 0.0486762 -0.00896515 0.998774 140.019
0.998776 -0.00585399 -0.0491167 -0.835469 0.00626843 0.999946 0.00828807 -2.43483 0.0490655 -0.00858581 0.998759 140.529
0.998776 -0.00583691 -0.0491157 -0.865741 0.00625232 0.999946 0.00830837 -2.44464 0.0490646 -0.00860529 0.998759 141.121
0.99879 -0.0071444 -0.0486575 -0.891788 0.007573 0.999934 0.00862979 -2.44698 0.0485926 -0.00898783 0.998778 141.674
0.998846 -0.00738877 -0.0474644 -0.916914 0.00781992 0.99993 0.00890429 -2.45326 0.0473953 -0.00926518 0.998833 141.964
0.998867 -0.00682692 -0.0470927 -0.92188 0.00722418 0.99994 0.00827089 -2.46109 0.0470334 -0.00860173 0.998856 142.432
0.998929 -0.00732445 -0.0456968 -0.95651 0.00766202 0.999945 0.0072165 -2.46933 0.0456414 -0.0075589 0.998929 142.987
0.998865 -0.00728282 -0.0470774 -0.983366 0.00764078 0.999943 0.00742825 -2.46935 0.0470207 -0.00777953 0.998864 143.402
0.998887 -0.00842302 -0.0464214 -1.00479 0.00878861 0.999932 0.00767704 -2.47594 0.0463536 -0.00807647 0.998892 143.915
0.998857 -0.00813032 -0.0470996 -1.03518 0.00850283 0.999934 0.00771404 -2.48459 0.0470338 -0.0081057 0.99886 144.428
0.998866 -0.00783719 -0.0469536 -1.07258 0.00822966 0.999933 0.00817137 -2.49107 0.0468863 -0.00854852 0.998864 144.862
0.998742 -0.00283111 -0.0500666 -1.10057 0.00325562 0.999959 0.00839935 -2.50132 0.0500408 -0.00855178 0.998711 145.397
0.99879 -0.00259654 -0.0491045 -1.12143 0.00301598 0.99996 0.00846957 -2.50686 0.0490805 -0.00860742 0.998758 145.88
0.998745 -0.000395691 -0.0500892 -1.1569 0.000819905 0.999964 0.00844888 -2.51769 0.0500841 -0.00847934 0.998709 146.421
0.998742 0.000444626 -0.0501517 -1.18813 -5.13904e-06 0.999962 0.00876295 -2.52297 0.0501537 -0.00875167 0.998703 146.922
0.998754 0.000419293 -0.0499072 -1.21905 3.72296e-05 0.999958 0.00914615 -2.52915 0.0499089 -0.00913662 0.998712 147.434
0.998751 0.000998575 -0.0499565 -1.24682 -0.000538745 0.999957 0.00921726 -2.53529 0.0499635 -0.00917884 0.998709 147.975
0.998696 0.00207145 -0.0510051 -1.28415 -0.00161313 0.999958 0.00902523 -2.54285 0.0510217 -0.00893118 0.998658 148.54
